-14     -22.150693946069
-13.5     -22.90296690974722
-13     -22.97262225422727
-12.5     -24.48543912068823
-12     -24.7008521714855
-11.5     -25.45936961608011
-11     -25.37141849416495
-10.5     -25.64329969458445
-10     -26.72347255146144
-9.5     -26.94569814773577
-9     -27.61873997382022
-8.5     -27.61928846001211
-8     -28.02774811698642
-7.5     -29.00158577252742
-7     -28.02083849008831
-6.5     -26.43697274736537
-6     -24.4215798403896
-5.5     -22.42235398997141
-5     -20.42669152157316
-4.5     -18.43149595281091
-4     -16.42639485820319
-3.5     -14.44119601533371
-3     -12.46182092824614
-2.5     -10.51867197819485
-2     -8.602192246896804
-1.5     -6.823035127983611
-1     -5.078389519094321
-0.5     -3.865734382672249
