-14     -17.27322570854369
-13.5     -17.93819639828307
-13     -18.16203534237413
-12.5     -19.15664133751051
-12     -18.8137212755939
-11.5     -19.86622072142073
-11     -20.14569780445327
-10.5     -21.37146283525117
-10     -20.81264701318511
-9.5     -21.97341379484266
-9     -23.36677743417068
-8.5     -22.77801425003787
-8     -23.2832359659075
-7.5     -23.665983150156
-7     -24.21527505474979
-6.5     -24.81319694154595
-6     -27.55403696547115
-5.5     -25.5461762275543
-5     -25.74488575353123
-4.5     -26.83491429850795
-4     -28.19589085164355
-3.5     -27.63627506370813
-3     -28.626673767736
-2.5     -29.68754572842127
-2     -30.49847594463759
-1.5     -29.80532876407765
-1     -30.49847594463759
-0.5     -31.19162312519754
