-34.5387763949107 0.0900401096573379
-34.5042376185158 0.295812558942458
-34.4696988421209 0.426390093260328
-34.435160065726 0.0312255401715202
-34.400621289331 0.145586833009044
-34.3660825129361 0.24820149933977
-34.3315437365412 0.198209810318304
-34.2970049601463 0.145586833009044
-34.2624661837514 -0.329590529818894
-34.2279274073565 -0.329590529818894
-34.1933886309616 -0.420500315175271
-34.1588498545667 0.198209810318304
-34.1243110781718 0.0312255401715202
-34.0897723017769 -0.24626099784342
-34.0552335253819 -0.0979236031270101
-34.020694748987 -0.24626099784342
-33.9861559725921 -0.13299648252478
-33.9516171961972 -0.520508734898255
-33.9170784198023 -0.520508734898255
-33.8825396434074 -0.13299648252478
-33.8480008670125 -0.329590529818894
-33.8134620906176 -0.329590529818894
-33.7789233142227 -0.0979236031270101
-33.7443845378277 -0.469254835196459
-33.7098457614328 -0.756687434178343
-33.6753069850379 -0.979581574244145
-33.640768208643 -0.631641682751619
-33.6062294322481 -1.06647960304519
-33.5716906558532 -0.287058038480215
-33.5371518794583 -0.692211275573768
-33.5026131030634 -0.469254835196459
-33.4680743266685 -1.26684809946762
-33.4335355502736 -0.574532186115571
-33.3989967738786 -0.979581574244145
-33.3644579974837 -0.520508734898255
-33.3299192210888 -0.825609038960832
-33.2953804446939 -0.825609038960832
-33.260841668299 -1.26684809946762
-33.2263028919041 -1.21286834747541
-33.1917641155092 -1.11293485405455
-33.1572253391143 -1.11293485405455
-33.1226865627194 -0.790554580603963
-33.0881477863244 -1.21286834747541
-33.0536090099295 -0.979581574244145
-33.0190702335346 -0.89963478661233
-32.9845314571397 -1.44883734276342
-32.9499926807448 -1.26684809946762
-32.9154539043499 -1.11293485405455
-32.880915127955 -1.02208697705676
-32.8463763515601 -1.85330617245733
-32.8118375751652 -1.67148263079917
-32.7772987987703 -1.32390876257933
-32.7427600223753 -1.7582676065259
-32.7082212459804 -1.7582676065259
-32.6736824695855 -1.44883734276342
-32.6391436931906 -1.63076026907528
-32.6046049167957 -2.20870164374995
-32.5700661404008 -1.63076026907528
-32.5355273640059 -2.13999295807774
-32.500988587611 -1.44883734276342
-32.4664498112161 -1.85330617245733
-32.4319110348211 -1.85330617245733
-32.3973722584262 -1.95833481575966
-32.3628334820313 -1.713933959958
-32.3282947056364 -2.28248180951755
-32.2937559292415 -1.90444225042082
-32.2592171528466 -1.90444225042082
-32.2246783764517 -1.80465827302043
-32.1901396000568 -2.20870164374995
-32.1556008236619 -2.13999295807774
-32.121062047267 -2.01529806200371
-32.086523270872 -2.36214221217158
-32.0519844944771 -2.28248180951755
-32.0174457180822 -2.5434704593902
-31.9829069416873 -2.24491144180264
-31.9483681652924 -2.49496399729087
-31.9138293888975 -2.24491144180264
-31.8792906125026 -2.82916886779172
-31.8447518361077 -2.40448580577875
-31.8102130597128 -2.4487019624914
-31.7756742833178 -2.5434704593902
-31.7411355069229 -2.36214221217158
-31.706596730528 -2.59445028194464
-31.6720579541331 -2.59445028194464
-31.6375191777382 -2.49496399729087
-31.6029804013433 -2.89759570011221
-31.5684416249484 -2.64816931638794
-31.5339028485535 -2.64816931638794
-31.4993640721586 -2.70493872365826
-31.4648252957637 -3.13644547278856
-31.4302865193687 -2.70493872365826
-31.3957477429738 -2.59445028194464
-31.3612089665789 -2.82916886779172
-31.326670190184 -2.64816931638794
-31.2921314137891 -2.76512589388965
-31.2575926373942 -3.13644547278856
-31.2230538609993 -2.89759570011221
-31.1885150846044 -3.81887213065699
-31.1539763082095 -3.18245237278517
-31.1194375318145 -3.13644547278856
-31.0848987554196 -3.33472387797203
-31.0503599790247 -3.45086552760473
-31.0158212026298 -3.09246243715727
-30.9812824262349 -3.18245237278517
-30.94674364984 -2.97105094803308
-30.9122048734451 -3.58229051779943
-30.8776660970502 -3.73363954522774
-30.8431273206553 -4.12936022485039
-30.8085885442604 -3.18245237278517
-30.7740497678654 -3.65510444419407
-30.7395109914705 -3.51442050876454
-30.7049722150756 -3.65510444419407
-30.6704334386807 -3.33472387797203
-30.6358946622858 -3.58229051779943
-30.6013558858909 -3.58229051779943
-30.566817109496 -3.86437711278512
-30.5322783331011 -4.19196120316109
-30.4977395567062 -3.73363954522774
-30.4632007803112 -4.49091701377985
-30.4286620039163 -3.65510444419407
-30.3941232275214 -4.0704483227919
-30.3595844511265 -4.01481479304152
-30.3250456747316 -4.40739190709085
-30.2905068983367 -4.58205964949308
-30.2559681219418 -4.49091701377985
-30.2214293455469 -3.96211391555078
-30.186890569152 -4.01481479304152
-30.1523517927571 -4.19196120316109
-30.1178130163621 -4.19196120316109
-30.0832742399672 -4.12936022485039
-30.0487354635723 -4.33030864337026
-30.0141966871774 -4.58205964949308
-29.9796579107825 -4.0704483227919
-29.9451191343876 -4.68234997462458
-29.9105803579927 -4.19196120316109
-29.8760415815978 -4.19196120316109
-29.8415028052029 -4.19196120316109
-29.8069640288079 -4.40739190709085
-29.772425252413 -4.36810773034649
-29.7378864760181 -4.29388644036829
-29.7033476996232 -4.53545031833778
-29.6688089232283 -4.40739190709085
-29.6342701468334 -4.2587443270796
-29.5997313704385 -4.63094806994958
-29.5651925940436 -5.23047480209903
-29.5306538176487 -4.91931820686403
-29.4961150412538 -4.44828265838015
-29.4615762648588 -4.91931820686403
-29.4270374884639 -4.91931820686403
-29.392498712069 -5.06284271022556
-29.3579599356741 -4.63094806994958
-29.3234211592792 -4.79383120989366
-29.2888823828843 -5.14315029639962
-29.2543436064894 -5.3261608658265
-29.2198048300945 -4.68234997462458
-29.1852660536996 -4.91931820686403
-29.1507272773046 -5.14315029639962
-29.1161885009097 -5.14315029639962
-29.0816497245148 -5.02498468098163
-29.0471109481199 -5.02498468098163
-29.012572171725 -5.37767184181761
-28.9780333953301 -5.3261608658265
-28.9434946189352 -5.27717379245734
-28.9089558425403 -5.23047480209903
-28.8744170661454 -5.3261608658265
-28.8398782897505 -5.8397472973441
-28.8053395133555 -5.4319809871246
-28.7708007369606 -5.3261608658265
-28.7362619605657 -5.5503388270432
-28.7017231841708 -5.23047480209903
-28.6671844077759 -5.68460973953724
-28.632645631381 -5.92738719505944
-28.5981068549861 -5.48940985593132
-28.5635680785912 -5.7591730728178
-28.5290293021963 -6.24867416830875
-28.4944905258013 -5.97426654283854
-28.4599517494064 -5.88260745934572
-28.4254129730115 -5.68460973953724
-28.3908741966166 -5.88260745934572
-28.3563354202217 -5.37767184181761
-28.3217966438268 -5.8397472973441
-28.2872578674319 -6.45871717761193
-28.252719091037 -5.79864887880339
-28.2181803146421 -5.97426654283854
-28.1836415382472 -5.8397472973441
-28.1491027618522 -5.72119660577456
-28.1145639854573 -6.07518263506066
-28.0800252090624 -6.62810759966035
-28.0454864326675 -6.38369284997565
-28.0109476562726 -6.1874377757191
-27.9764088798777 -6.62810759966035
-27.9418701034828 -6.72493933112383
-27.9073313270879 -6.62810759966035
-27.872792550693 -6.83216267052407
-27.838253774298 -6.24867416830875
-27.8037149979031 -6.77711458315688
-27.7691762215082 -6.72493933112383
-27.7346374451133 -7.54413147046548
-27.7000986687184 -6.38369284997565
-27.6655598923235 -6.67535187497765
-27.6310211159286 -6.31390648240054
-27.5964823395337 -6.45871717761193
-27.5619435631388 -6.49845141685729
-27.5274047867439 -7.08881865347361
-27.4928660103489 -6.95227912633452
-27.458327233954 -6.58299501431303
-27.4237884575591 -7.08881865347361
-27.3892496811642 -7.08881865347361
-27.3547109047693 -6.77711458315688
-27.3201721283744 -6.67535187497765
-27.2856333519795 -6.83216267052407
-27.2510945755846 -7.01822031757258
-27.2165557991897 -7.16478229307756
-27.1820170227947 -7.33657549212153
-27.1474782463998 -7.16478229307756
-27.1129394700049 -7.08881865347361
-27.07840069361 -7.08881865347361
-27.0438619172151 -6.89041848621654
-27.0093231408202 -7.60352766421869
-26.9747843644253 -7.38456693984542
-26.9402455880304 -7.16478229307756
-26.9057068116355 -7.16478229307756
-26.8711680352406 -7.12607933732021
-26.8366292588456 -7.4349781839492
-26.8020904824507 -7.29078213635313
-26.7675517060558 -7.20504368609962
-26.7330129296609 -7.20504368609962
-26.698474153266 -7.48806626096907
-26.6639353768711 -7.48806626096907
-26.6293966004762 -7.54413147046548
-26.5948578240813 -7.66667578870424
-26.5603190476864 -7.80636233109927
-26.5257802712914 -7.66667578870424
-26.4912414948965 -7.48806626096907
-26.4567027185016 -7.80636233109927
-26.4221639421067 -7.73408199903439
-26.3876251657118 -7.46116997083127
-26.3530863893169 -8.3378355852148
-26.318547612922 -8.40372649797695
-26.2840088365271 -7.80636233109927
-26.2494700601322 -7.9687792579074
-26.2149312837373 -7.92563581814159
-26.1803925073423 -8.21780261995745
-26.1458537309474 -7.88427700517631
-26.1113149545525 -8.63229797996373
-26.0767761781576 -8.16278957226665
-26.0422374017627 -7.9687792579074
-26.0076986253678 -8.06108677537279
-25.9731598489729 -8.3378355852148
-25.938621072578 -8.63229797996373
-25.9040822961831 -7.9687792579074
-25.8695435197881 -8.27601919364243
-25.8350047433932 -8.40372649797695
-25.8004659669983 -8.06108677537279
-25.7659271906034 -8.47426720276122
-25.7313884142085 -8.40372649797695
-25.6968496378136 -8.76972458378126
-25.6623108614187 -8.87310002962972
-25.6277720850238 -8.21780261995745
-25.5932333086289 -8.55016411851642
-25.558694532234 -8.92909259341859
-25.524155755839 -8.43837498040826
-25.4896169794441 -8.67604148807727
-25.4550782030492 -8.87310002962972
-25.4205394266543 -9.11876444686511
-25.3860006502594 -8.51149579066535
-25.3514618738645 -8.76972458378126
-25.3169230974696 -8.98840725655474
-25.2823843210747 -9.05146322934361
-25.2478455446798 -8.87310002962972
-25.2133067682848 -9.19092405992828
-25.1787679918899 -9.11876444686511
-25.144229215495 -9.26869846948663
-25.1096904391001 -9.35303574714866
-25.0751516627052 -8.98840725655474
-25.0406128863103 -9.49459203374669
-25.0060741099154 -9.08454776319104
-24.9715353335205 -8.98840725655474
-24.9369965571256 -9.39803091047122
-24.9024577807306 -9.26869846948663
-24.8679190043357 -9.30997827464019
-24.8333802279408 -9.19092405992828
-24.7988414515459 -9.60148360848866
-24.764302675151 -9.30997827464019
-24.7297638987561 -9.30997827464019
-24.6952251223612 -9.72118377034957
-24.6606863459663 -9.6595437415514
-24.6261475695714 -9.5466102744496
-24.5916087931765 -9.60148360848866
-24.5570700167815 -9.5466102744496
-24.5225312403866 -9.78687433387275
-24.4879924639917 -10.2016038745461
-24.4534536875968 -9.72118377034957
-24.4189149112019 -9.78687433387275
-24.384376134807 -10.3100717063327
-24.3498373584121 -10.647536124936
-24.3152985820172 -10.0582064909115
-24.2807598056223 -10.5703177568927
-24.2462210292273 -9.85718545242722
-24.2116822528324 -10.3690624736955
-24.1771434764375 -9.97289137052117
-24.1426047000426 -10.0582064909115
-24.1080659236477 -10.3690624736955
-24.0735271472528 -9.93281664139893
-24.0389883708579 -9.85718545242722
-24.004449594463 -10.431752514494
-23.9699108180681 -10.7312198978047
-23.9353720416732 -10.2543678520036
-23.9008332652782 -10.3100717063327
-23.8662944888833 -10.3100717063327
-23.8317557124884 -10.5703177568927
-23.7972169360935 -10.431752514494
-23.7626781596986 -10.7312198978047
-23.7281393833037 -10.3100717063327
-23.6936006069088 -10.9230707393606
-23.6590618305139 -10.4986370125044
-23.624523054119 -10.647536124936
-23.589984277724 -10.6081817914699
-23.5554455013291 -10.3100717063327
-23.5209067249342 -11.0957794673959
-23.4863679485393 -10.647536124936
-23.4518291721444 -10.9230707393606
-23.4172903957495 -10.7312198978047
-23.3827516193546 -10.647536124936
-23.3482128429597 -11.0957794673959
-23.3136740665648 -11.6753831672722
-23.2791352901699 -10.9773922456186
-23.2445965137749 -11.0957794673959
-23.21005773738 -11.385276291548
-23.1755189609851 -11.3046748478861
-23.1409801845902 -10.871548643756
-23.1064414081953 -11.0957794673959
-23.0719026318004 -11.385276291548
-23.0373638554055 -10.871548643756
-23.0028250790106 -12.2709689519513
-22.9682863026157 -11.385276291548
-22.9337475262207 -11.2300882075199
-22.8992087498258 -11.3046748478861
-22.8646699734309 -11.4729483956275
-22.830131197036 -12.0857155925445
-22.7955924206411 -11.3046748478861
-22.7610536442462 -11.7331129785605
-22.7265148678513 -11.6208049722585
-22.6919760914564 -11.4729483956275
-22.6574373150615 -11.6753831672722
-22.6228985386666 -11.3441637153533
-22.5883597622716 -11.8596488089636
-22.5538209858767 -11.3441637153533
-22.5192822094818 -12.0045475532648
-22.4847434330869 -12.0857155925445
-22.450204656692 -11.8596488089636
-22.4156658802971 -11.6208049722585
-22.3811271039022 -11.7943808130116
-22.3465883275073 -11.7943808130116
-22.3120495511124 -11.9294760180659
-22.2775107747174 -11.8264824165637
-22.2429719983225 -12.0443082675483
-22.2084332219276 -12.2709689519513
-22.1738944455327 -11.9663074841031
-22.1393556691378 -12.0857155925445
-22.1048168927429 -12.1740585416268
-22.070278116348 -12.0443082675483
-22.0357393399531 -11.9294760180659
-22.0012005635582 -12.4985263869576
-21.9666617871633 -12.9818897794222
-21.9321230107683 -12.3782887888588
-21.8975842343734 -12.6352225244118
-21.8630454579785 -12.3782887888588
-21.8285066815836 -12.3231898673565
-21.7939679051887 -12.3231898673565
-21.7594291287938 -12.7112830217622
-21.7248903523989 -12.9818897794222
-21.690351576004 -12.4366015404396
-21.6558127996091 -12.4366015404396
-21.6212740232141 -12.4985263869576
-21.5867352468192 -12.5645405427168
-21.5521964704243 -12.4366015404396
-21.5176576940294 -13.0912432648586
-21.4831189176345 -12.6725297974279
-21.4485801412396 -12.8833244419177
-21.4140413648447 -12.7112830217622
-21.3795025884498 -12.5992571707011
-21.3449638120549 -12.7936085043695
-21.31042503566 -12.9818897794222
-21.275886259265 -13.3540548248913
-21.2413474828701 -12.9818897794222
-21.2068087064752 -13.0912432648586
-21.1722699300803 -13.1507579538908
-21.1377311536854 -12.8374606917063
-21.1031923772905 -13.5169159389875
-21.0686536008956 -13.0912432648586
-21.0341148245007 -13.3540548248913
-20.9995760481058 -13.1507579538908
-20.9650372717108 -12.9313932112137
-20.9304984953159 -13.2815989133184
-20.895959718921 -13.1507579538908
-20.8614209425261 -13.5621416853976
-20.8268821661312 -13.3540548248913
-20.7923433897363 -13.4736473652479
-20.7578046133414 -13.7667776809854
-20.7232658369465 -13.1205579249254
-20.6887270605516 -13.6095100855312
-20.6541882841567 -13.8872960101253
-20.6196495077617 -14.9100786966373
-20.5851107313668 -13.7115609917742
-20.5505719549719 -13.6592343047208
-20.516033178577 -14.1832291425791
-20.4814944021821 -14.1006403884304
-20.4469556257872 -13.9534793058504
-20.4124168493923 -13.5621416853976
-20.3778780729974 -13.7115609917742
-20.3433392966025 -13.8872960101253
-20.3088005202075 -13.9534793058504
-20.2742617438126 -13.8872960101253
-20.2397229674177 -15.1062058061421
-20.2051841910228 -14.1832291425791
-20.1706454146279 -14.1832291425791
-20.136106638233 -14.605403462908
-20.1015678618381 -14.2272306993692
-20.0670290854432 -14.1006403884304
-20.0324903090483 -14.0243552382942
-19.9979515326534 -14.1832291425791
-19.9634127562584 -13.9882894787332
-19.9288739798635 -14.4820196105171
-19.8943352034686 -14.4820196105171
-19.8597964270737 -14.372200918192
-19.8252576506788 -14.8247765008517
-19.7907188742839 -14.2732578649304
-19.756180097889 -14.3215061744224
-19.7216413214941 -14.4256035031351
-19.6871025450992 -14.372200918192
-19.6525637687042 -15.0033417076596
-19.6180249923093 -15.2208770587746
-19.5834862159144 -14.7461823086591
-19.5489474395195 -14.605403462908
-19.5144086631246 -15.3504217633812
-19.4798698867297 -14.3985457735049
-19.4453311103348 -14.6733175933886
-19.4107923339399 -14.8247765008517
-19.376253557545 -15.1618986452161
-19.3417147811501 -14.9100786966373
-19.3071760047551 -15.7747257058329
-19.2726372283602 -15.0534517117601
-19.2380984519653 -14.6733175933886
-19.2035596755704 -15.0033417076596
-19.1690208991755 -15.3504217633812
-19.1344821227806 -14.8247765008517
-19.0999433463857 -14.8247765008517
-19.0654045699908 -15.2208770587746
-19.0308657935959 -15.4220842655343
-18.9963270172009 -15.2208770587746
-18.961788240806 -15.4220842655343
-18.9272494644111 -15.3504217633812
-18.8927106880162 -15.4992814628611
-18.8581719116213 -15.7747257058329
-18.8236331352264 -15.6742423649915
-18.7890943588315 -15.1909531083415
-18.7545555824366 -15.2835531474495
-18.7200168060417 -15.4599381231864
-18.6854780296468 -15.9473636986179
-18.6509392532518 -15.9473636986179
-18.6164004768569 -15.6742423649915
-18.581861700462 -15.4220842655343
-18.5473229240671 -15.4992814628611
-18.5127841476722 -15.627549722337
-18.4782453712773 -15.8290262656359
-18.4437065948824 -15.9473636986179
-18.4091678184875 -15.8290262656359
-18.3746290420926 -16.3243283431303
-18.3400902656976 -16.0816083397279
-18.3055514893027 -15.9473636986179
-18.2710127129078 -16.1561554870173
-18.2364739365129 -15.8290262656359
-18.201935160118 -16.0816083397279
-18.1673963837231 -16.4203663961504
-18.1328576073282 -16.5266172547099
-18.0983188309333 -16.0816083397279
-18.0637800545384 -16.0463202108965
-18.0292412781435 -16.0463202108965
-17.9947025017485 -16.2367108095739
-17.9601637253536 -16.2795602791184
-17.9256249489587 -16.3243283431303
-17.8910861725638 -16.4203663961504
-17.8565473961689 -16.9365460069447
-17.822008619774 -16.7804798965728
-17.7874698433791 -16.7107218789735
-17.7529310669842 -16.7804798965728
-17.7183922905893 -16.2795602791184
-17.6838535141943 -16.3711948989844
-17.6493147377994 -16.3711948989844
-17.6147759614045 -16.4720813330996
-17.5802371850096 -16.8554714577201
-17.5456984086147 -16.7107218789735
-17.5111596322198 -16.6455143349018
-17.4766208558249 -16.7107218789735
-17.44208207943 -16.6455143349018
-17.4075433030351 -16.9365460069447
-17.3730045266402 -17.1215553452043
-17.3384657502452 -16.7804798965728
-17.3039269738503 -17.0247782072974
-17.2693881974554 -16.8951873219456
-17.2348494210605 -16.979689307461
-17.2003106446656 -16.6775866981006
-17.1657718682707 -17.1736989157496
-17.1312330918758 -17.0719965060302
-17.0966943154809 -17.4146347506653
-17.062155539086 -17.1215553452043
-17.027616762691 -17.0719965060302
-16.9930779862961 -16.979689307461
-16.9585392099012 -17.3487441627692
-16.9240004335063 -17.0719965060302
-16.8894616571114 -17.1215553452043
-16.8549228807165 -17.3487441627692
-16.8203841043216 -17.3487441627692
-16.7858453279267 -17.4146347506653
-16.7513065515318 -17.1736989157496
-16.7167677751369 -18.0623668398105
-16.6822289987419 -17.317358532109
-16.647690222347 -17.3487441627692
-16.6131514459521 -17.6869481461613
-16.5786126695572 -17.6869481461613
-16.5440738931623 -17.6869481461613
-16.5095351167674 -17.6869481461613
-16.4749963403725 -17.6432049243481
-16.4404575639776 -17.8840052307104
-16.4059187875827 -18.0623668398105
-16.3713800111877 -17.732692716558
-16.3368412347928 -17.8840052307104
-16.3023024583979 -18.2018262132526
-16.267763682003 -18.2795997174628
-16.2332249056081 -17.9399973253632
-16.1986861292132 -17.7806305849107
-16.1641473528183 -18.2795997174628
-16.1296085764234 -17.9399973253632
-16.0950698000285 -18.3639359304441
-16.0605310236336 -18.3639359304441
-16.0259922472386 -18.0303422356488
-15.9914534708437 -18.0623668398105
-15.9569146944488 -18.4560453314757
-15.9223759180539 -18.8680770058092
-15.887837141659 -18.1296673794818
-15.8532983652641 -18.4560453314757
-15.8187595888692 -18.0623668398105
-15.7842208124743 -18.2795997174628
-15.7496820360794 -18.6123800791248
-15.7151432596844 -18.5575076462061
-15.6806044832895 -18.3208790127107
-15.6460657068946 -18.6123800791248
-15.6115269304997 -18.7320780949918
-15.5769881541048 -18.8680770058092
-15.5424493777099 -18.5575076462061
-15.507910601315 -18.7320780949918
-15.4733718249201 -18.7977673669629
-15.4388330485252 -18.9437064825697
-15.4042942721303 -18.6704392033324
-15.3697554957353 -19.1146439665222
-15.3352167193404 -19.1623690494569
-15.3006779429455 -18.7007838052051
-15.2661391665506 -18.8323043829592
-15.2316003901557 -18.8323043829592
-15.1970616137608 -18.6704392033324
-15.1625228373659 -18.9837802505729
-15.127984060971 -19.2124864670914
-15.0934452845761 -18.9837802505729
-15.0589065081811 -19.2124864670914
-15.0243677317862 -19.0690931919361
-14.9898289553913 -19.1146439665222
-14.9552901789964 -20.171513776857
-14.9207514026015 -19.5095089684406
-14.8862126262066 -19.1623690494569
-14.8516738498117 -18.9837802505729
-14.8171350734168 -19.3209507753976
-14.7825962970219 -19.1146439665222
-14.748057520627 -19.6584014354077
-14.713518744232 -19.3209507753976
-14.6789799678371 -19.3799394598673
-14.6444411914422 -19.9339208113722
-14.6099024150473 -19.4426271482649
-14.5753636386524 -19.6993661966896
-14.5408248622575 -20.0456775268973
-14.5062860858626 -19.4426271482649
-14.4717473094677 -19.8824018931875
-14.4372085330728 -20.0456775268973
-14.4026697566778 -19.5095089684406
-14.3681309802829 -20.171513776857
-14.333592203888 -19.8824018931875
-14.2990534274931 -19.7867021194144
-14.2645146510982 -20.1066176112106
-14.2299758747033 -20.3960891866767
-14.1954370983084 -19.8824018931875
-14.1608983219135 -19.8824018931875
-14.1263595455186 -20.3154955215372
-14.0918207691237 -20.3960891866767
-14.0572819927287 -20.2409155416109
-14.0227432163338 -20.1066176112106
-13.9882044399389 -20.3154955215372
-13.953665663544 -20.3960891866767
-13.9191268871491 -20.4837520868179
-13.8845881107542 -20.2775104209728
-13.8500493343593 -20.171513776857
-13.8155105579644 -20.5306445920693
-13.7809717815695 -20.579844655135
-13.7464330051745 -20.3960891866767
-13.7118942287796 -20.3549806563908
-13.6773554523847 -20.7438840884679
-13.6428166759898 -20.2409155416109
-13.6082778995949 -20.8704007340042
-13.5737391232 -20.8704007340042
-13.5392003468051 -20.3549806563908
-13.5046615704102 -21.0964265754619
-13.4701227940153 -20.8051429365246
-13.4355840176204 -20.8051429365246
-13.4010452412254 -21.5091339655366
-13.3665064648305 -20.8051429365246
-13.3319676884356 -21.1847508356945
-13.2974289120407 -21.3889310033604
-13.2628901356458 -20.8051429365246
-13.2283513592509 -21.1847508356945
-13.193812582856 -21.055027457922
-13.1592738064611 -21.015274311291
-13.1247350300662 -21.3889310033604
-13.0901962536712 -21.015274311291
-13.0556574772763 -20.9770412419842
-13.0211187008814 -21.232021844941
-12.9865799244865 -21.3889310033604
-12.9520411480916 -20.940216269596
-12.9175023716967 -21.2816387540157
-12.8829635953018 -21.447227476713
-12.8484248189069 -21.8041111534709
-12.813886042512 -21.9923073640317
-12.779347266117 -21.5091339655366
-12.7448084897221 -21.5091339655366
-12.7102697133272 -21.5751272584849
-12.6757309369323 -21.5091339655366
-12.6411921605374 -21.7218181213203
-12.6066533841425 -21.447227476713
-12.5721146077476 -21.7621183582594
-12.5375758313527 -21.9418352028168
-12.5030370549578 -21.8479449340185
-12.4684982785629 -21.7218181213203
-12.4339595021679 -21.6830792722945
-12.399420725773 -22.2918433035514
-12.3648819493781 -21.9418352028168
-12.3303431729832 -21.7218181213203
-12.2958043965883 -21.9418352028168
-12.2612656201934 -22.1016035766513
-12.2267268437985 -22.1610843627511
-12.1921880674036 -21.7621183582594
-12.1576492910087 -22.2243281164379
-12.1231105146137 -21.8479449340185
-12.0885717382188 -22.1610843627511
-12.0540329618239 -22.2918433035514
-12.019494185429 -22.6194949969798
-11.9849554090341 -22.3642489641499
-11.9504166326392 -22.0454630052117
-11.9158778562443 -22.6194949969798
-11.8813390798494 -22.5269829234207
-11.8468003034545 -22.0454630052117
-11.8122615270596 -22.2575160306197
-11.7777227506646 -22.7214462034823
-11.7431839742697 -22.3642489641499
-11.7086451978748 -22.7766045575641
-11.6741064214799 -22.6194949969798
-11.639567645085 -22.6194949969798
-11.6050288686901 -22.4837501751104
-11.5704900922952 -22.6691719064668
-11.5359513159003 -23.1100369672392
-11.5014125395054 -22.8349838833526
-11.4668737631104 -22.7214462034823
-11.4323349867155 -22.896983815235
-11.3977962103206 -22.896983815235
-11.3632574339257 -22.7214462034823
-11.3287186575308 -23.1924952426058
-11.2941798811359 -23.1924952426058
-11.259641104741 -22.5721695310116
-11.2251023283461 -23.1924952426058
-11.1905635519512 -22.896983815235
-11.1560247755563 -22.7214462034823
-11.1214859991613 -23.4907127307836
-11.0869472227664 -22.9630833111303
-11.0524084463715 -23.1924952426058
-11.0178696699766 -23.2364227633931
-10.9833308935817 -23.4344182845415
-10.9487921171868 -23.3811247201365
-10.9142533407919 -23.3305282290535
-10.879714564397 -23.5503662804474
-10.8451757880021 -23.9175876185692
-10.8106370116071 -23.3305282290535
-10.7760982352122 -23.4907127307836
-10.7415594588173 -23.5503662804474
-10.7070206824224 -23.6138053919007
-10.6724819060275 -23.6138053919007
-10.6379431296326 -23.6138053919007
-10.6034043532377 -24.2271478965424
-10.5688655768428 -24.0105184665906
-10.5343268004479 -24.0105184665906
-10.499788024053 -24.2271478965424
-10.465249247658 -23.68154327344
-10.4307104712631 -23.6138053919007
-10.3961716948682 -24.0105184665906
-10.3616329184733 -23.6138053919007
-10.3270941420784 -24.0604368362214
-10.2925553656835 -23.5503662804474
-10.2580165892886 -23.962973912995
-10.2234778128937 -24.1684347918256
-10.1889390364988 -23.962973912995
-10.1544002601038 -24.3560521889619
-10.1198614837089 -24.3560521889619
-10.085322707314 -24.0105184665906
-10.0507839309191 -24.7775752021604
-10.0162451545242 -24.5040665191934
-9.9817063781293 -23.8325633517752
-9.94716760173439 -24.2895244396168
-9.91262882533947 -24.1684347918256
-9.87809004894456 -24.3560521889619
-9.84355127254965 -24.1684347918256
-9.80901249615474 -24.1129785772055
-9.77447371975983 -24.1684347918256
-9.73993494336492 -24.5871924611281
-9.70539616697001 -24.4273233200376
-9.6708573905751 -24.8883461699979
-9.63631861418019 -24.83142769368
-9.60177983778528 -24.4273233200376
-9.56724106139037 -24.9487009308983
-9.53270228499546 -24.5447659984509
-9.49816350860055 -24.464958910376
-9.46362473220564 -24.677859959055
-9.42908595581073 -24.5040665191934
-9.39454717941582 -24.83142769368
-9.36000840302091 -24.8883461699979
-9.325469626626 -25.1552823132413
-9.29093085023109 -24.677859959055
-9.25639207383617 -24.677859959055
-9.22185329744126 -25.0815772500422
-9.18731452104635 -24.83142769368
-9.15277574465144 -24.8883461699979
-9.11823696825653 -25.3213115433983
-9.08369819186162 -25.4159561305693
-9.04915941546671 -25.1942774682679
-9.0146206390718 -25.7694992340156
-8.98008186267689 -25.842805747578
-8.94554308628198 -25.1552823132413
-8.91100430988707 -25.0129336976757
-8.87646553349216 -25.1942774682679
-8.84192675709725 -25.2771493071664
-8.80738798070234 -25.7012014799325
-8.77284920430743 -25.3675145549085
-8.73831042791252 -25.7694992340156
-8.70377165151761 -26.1018108827046
-8.6692328751227 -25.7694992340156
-8.63469409872778 -25.9219142313472
-8.60015532233287 -25.5771842905979
-8.56561654593796 -26.0078226495933
-8.53107776954305 -26.3213280656551
-8.49653899314814 -26.2055580553481
-8.46200021675323 -26.0078226495933
-8.42746144035832 -26.1018108827046
-8.39292266396341 -26.6029952620788
-8.3583838875685 -26.687828350399
-8.32384511117359 -26.3846607138063
-8.28930633477868 -27.6547482180024
-8.25476755838377 -27.4454333590585
-8.22022878198886 -28.281482781979
-8.18569000559395 -29.4616282502243
-8.15115122919904 -27.8024772386222
-8.11661245280413 -28.5785706527176
-8.08207367640922 -27.2093164150995
-8.04753490001431 -26.2964688309764
-8.01299612361939 -26.5701798176106
-7.97845734722448 -25.9051727689097
-7.94391857082957 -25.7551075382505
-7.90937979443466 -25.8273278442481
-7.87484101803975 -25.45621077439
-7.84030224164484 -25.2263982852513
-7.80576346524993 -25.1474697735045
-7.77122468885502 -24.9270053683961
-7.73668591246011 -24.8679084115185
-7.7021471360652 -24.7464739050807
-7.66760835967029 -24.6382017824522
-7.63306958327538 -24.5353586293316
-7.59853080688047 -24.3397605173281
-7.56399203048556 -24.2742733955117
-7.52945325409065 -24.1798316445744
-7.49491447769574 -24.0171740255098
-7.46037570130083 -23.9153152837964
-7.42583692490592 -23.8153399146511
-7.39129814851101 -23.7108335617676
-7.35675937211609 -23.5819390248803
-7.32222059572118 -23.4892293444357
-7.28768181932627 -23.3797952021125
-7.25314304293136 -23.2723976248947
-7.21860426653645 -23.1610051158708
-7.18406549014154 -23.0560884924689
-7.14952671374663 -22.9494878604718
-7.11498793735172 -22.8455408156756
-7.08044916095681 -22.7393652002786
-7.0459103845619 -22.6341250729516
-7.01137160816699 -22.5305650071264
-6.97683283177208 -22.4238828136949
-6.94229405537717 -22.3193265365755
-6.90775527898226 -22.2127558207125
-6.87321650258735 -22.1107492046397
-6.83867772619244 -22.0062272334652
-6.80413894979753 -21.9002890555745
-6.76960017340262 -21.7974922238128
-6.7350613970077 -21.693127745746
-6.70052262061279 -21.5884544458807
-6.66598384421788 -21.4852678309218
-6.63144506782297 -21.3814774564569
-6.59690629142806 -21.2765212495364
-6.56236751503315 -21.1730387806178
-6.52782873863824 -21.0686932374047
-6.49328996224333 -20.9650511027105
-6.45875118584842 -20.8618996582179
-6.42421240945351 -20.757517891508
-6.3896736330586 -20.6540051031979
-6.35513485666369 -20.550406101365
-6.32059608026878 -20.4465976842874
-6.28605730387387 -20.3426037467766
-6.25151852747896 -20.2391400787902
-6.21697975108405 -20.135530160863
-6.18244097468914 -20.0318411239748
-6.14790219829423 -19.9279973114995
-6.11336342189932 -19.8242942237608
-6.0788246455044 -19.7207011792958
-6.04428586910949 -19.6170134529111
-6.00974709271458 -19.5133218701322
-5.97520831631967 -19.4096584870351
-5.94066953992476 -19.3059992953474
-5.90613076352985 -19.2022918150658
-5.87159198713494 -19.0986428054095
-5.83705321074003 -18.9949664681506
-5.80251443434512 -18.8913152381977
-5.76797565795021 -18.7876400604354
-5.7334368815553 -18.6839520382874
-5.69889810516039 -18.5802899237286
-5.66435932876548 -18.4766307490875
-5.62982055237057 -18.3729529418915
-5.59528177597566 -18.2692957454131
-5.56074299958075 -18.1656260757507
-5.52620422318584 -18.0619532243149
-5.49166544679093 -17.9582791015719
-5.45712667039601 -17.8545950152873
-5.4225878940011 -17.7509112722138
-5.38804911760619 -17.6472330226822
-5.35351034121128 -17.5435504684423
-5.31897156481637 -17.4398688444034
-5.28443278842146 -17.336184757377
-5.24989401202655 -17.2324949019596
-5.21535523563164 -17.1288024807075
-5.18081645923673 -17.0251095297502
-5.14627768284182 -16.921411908044
-5.11173890644691 -16.8177157272703
-5.077200130052 -16.714013612634
-5.04266135365709 -16.6103084371681
-5.00812257726218 -16.5066006445972
-4.97358380086727 -16.4028896161965
-4.93904502447236 -16.2991737469813
-4.90450624807745 -16.1954574522708
-4.86996747168254 -16.091736004555
-4.83542869528763 -15.9880116787108
-4.80088991889271 -15.8842827241224
-4.7663511424978 -15.7805505025155
-4.73181236610289 -15.6768140441191
-4.69727358970798 -15.5730730178941
-4.66273481331307 -15.4693277664143
-4.62819603691816 -15.3655782233946
-4.59365726052325 -15.2618236969819
-4.55911848412834 -15.1580646265805
-4.52457970773343 -15.0543003663829
-4.49004093133852 -14.9505308184283
-4.45550215494361 -14.846756000551
-4.4209633785487 -14.7429754855661
-4.38642460215379 -14.6391892428861
-4.35188582575888 -14.5353969422294
-4.31734704936397 -14.4315984650663
-4.28280827296906 -14.3277935650838
-4.24826949657415 -14.2239819785082
-4.21373072017924 -14.1201635251382
-4.17919194378432 -14.0163378851096
-4.14465316738941 -13.9125049075176
-4.1101143909945 -13.808664213581
-4.07557561459959 -13.7048155887537
-4.04103683820468 -13.600958744014
-4.00649806180977 -13.4970933619467
-3.97195928541486 -13.3932191929615
-3.93742050901995 -13.2893358563359
-3.90288173262504 -13.1854430975561
-3.86834295623013 -13.0815405120811
-3.83380417983522 -12.9776277932964
-3.79926540344031 -12.8737045351193
-3.7647266270454 -12.7697703981295
-3.73018785065049 -12.6658249848728
-3.69564907425558 -12.5618678814047
-3.66111029786067 -12.4578986769442
-3.62657152146576 -12.3539169270699
-3.59203274507085 -12.2499221892824
-3.55749396867594 -12.1459139952764
-3.52295519228102 -12.0418918546328
-3.48841641588611 -11.9378552721804
-3.4538776394912 -11.8338037246548
-3.41933886309629 -11.7297366725202
-3.38480008670138 -11.6256535543416
-3.35026131030647 -11.5215537871869
-3.31572253391156 -11.417436773747
-3.28118375751665 -11.3133018887329
-3.24664498112174 -11.2091484795138
-3.21210620472683 -11.104975878732
-3.17756742833192 -11.0007833871846
-3.14302865193701 -10.8965702801746
-3.1084898755421 -10.7923358088682
-3.07395109914719 -10.6880791920172
-3.03941232275228 -10.583799624107
-3.00487354635737 -10.4794962639169
-2.97033476996246 -10.3751682415024
-2.93579599356755 -10.2708146527745
-2.90125721717263 -10.1664345602017
-2.86671844077772 -10.0620269888935
-2.83217966438281 -9.95759092739427
-2.7976408879879 -9.85312532603619
-2.76310211159299 -9.74862909354508
-2.72856333519808 -9.64410109781167
-2.69402455880317 -9.53954016153285
-2.65948578240826 -9.43494506314153
-2.62494700601335 -9.33031453226281
-2.59040822961844 -9.22564724955653
-2.55586945322353 -9.12094184380078
-2.52133067682862 -9.01619688997816
-2.48679190043371 -8.91141090656298
-2.4522531240388 -8.80658235371826
-2.41771434764389 -8.70170963029078
-2.38317557124898 -8.59679107135658
-2.34863679485407 -8.49182494536288
-2.31409801845916 -8.38680945107497
-2.27955924206424 -8.28174271492223
-2.24502046566933 -8.17662278728919
-2.21048168927442 -8.07144763944526
-2.17594291287951 -7.96621515985419
-2.1414041364846 -7.86092315047764
-2.10686536008969 -7.7555693228464
-2.07232658369478 -7.65015129389721
-2.03778780729987 -7.54466658168101
-2.00324903090496 -7.43911260074971
-1.96871025451005 -7.33348665736358
-1.93417147811514 -7.22778594441297
-1.89963270172023 -7.12200753608752
-1.86509392532532 -7.01614838225264
-1.83055514893041 -6.910205302529
-1.7960163725355 -6.80417498003006
-1.76147759614059 -6.69805395480417
-1.72693881974567 -6.59183861683944
-1.69240004335076 -6.48552519877539
-1.65786126695585 -6.37910976813247
-1.62332249056094 -6.27258821914028
-1.58878371416603 -6.16595626411649
-1.55424493777112 -6.0592094243139
-1.51970616137621 -5.9523430203025
-1.4851673849813 -5.84535216174763
-1.45062860858639 -5.73823173664017
-1.41608983219148 -5.63097639986494
-1.38155105579657 -5.52358056113583
-1.34701227940166 -5.41603837219647
-1.31247350300675 -5.30834371327752
-1.27793472661183 -5.2004901787492
-1.24339595021692 -5.09247106191238
-1.20885717382201 -4.98427933888086
-1.1743183974271 -4.87590765148859
-1.13977962103219 -4.76734828916159
-1.10524084463728 -4.65859316968043
-1.07070206824237 -4.54963381876827
-1.03616329184746 -4.44046134841621
-1.00162451545255 -4.33106643386968
-0.967085739057638 -4.22143928918318
-0.932546962662727 -4.11156964124425
-0.898008186267817 -4.00144670216933
-0.863469409872906 -3.89105913995581
-0.828930633477995 -3.78039504727768
-0.794391857083085 -3.66944190829406
-0.759853080688174 -3.55818656333855
-0.725314304293263 -3.44661517134514
-0.690775527898353 -3.3347131698554
-0.656236751503442 -3.2224652324427
-0.621697975108531 -3.10985522337802
-0.587159198713621 -2.99686614934819
-0.55262042231871 -2.88348010802625
-0.518081645923799 -2.76967823327976
-0.483542869528889 -2.65544063678679
-0.449004093133978 -2.54074634581788
-0.414465316739067 -2.42557323692137
-0.379926540344157 -2.3098979652371
-0.345387763949246 -2.19369588914271
-0.310848987554335 -2.07694098991971
-0.276310211159424 -1.95960578610661
-0.241771434764514 -1.84166124218641
-0.207232658369603 -1.72307667123493
-0.172693881974692 -1.60381963113485
-0.138155105579782 -1.48385581393901
-0.103616329184871 -1.36314892794375
-0.0690775527899602 -1.24166057201109
-0.0345387763950495 -1.11935010165667
