-34.5387763949107 0.0610651568051917
-34.5042376185158 0.0610651568051917
-34.4696988421209 -0.574532186115571
-34.435160065726 -0.723929797983526
-34.400621289331 -0.520508734898255
-34.3660825129361 -1.7582676065259
-34.3315437365412 -0.723929797983526
-34.2970049601463 -0.938809456997342
-34.2624661837514 -1.35370841117709
-34.2279274073565 -0.89963478661233
-34.1933886309616 -0.547155688201836
-34.1588498545667 -0.287058038480215
-34.1243110781718 -0.861937092712612
-34.0897723017769 -0.807928215764929
-34.0552335253819 -0.919030302220096
-34.020694748987 -0.547155688201836
-33.9861559725921 -0.661467964798622
-33.9516171961972 -0.602679302998648
-33.9170784198023 -1.21286834747541
-33.8825396434074 -0.602679302998648
-33.8480008670125 -0.646443627009161
-33.8134620906176 -0.89963478661233
-33.7789233142227 -0.602679302998648
-33.7443845378277 -1.38442342624673
-33.7098457614328 -1.00060845399091
-33.6753069850379 -0.825609038960832
-33.640768208643 -1.35370841117709
-33.6062294322481 -4.79383120989366
-33.5716906558532 -0.799203668259126
-33.5371518794583 -1.06647960304519
-33.5026131030634 -1.13699765561243
-33.4680743266685 -1.53566750438001
-33.4335355502736 -1.80465827302043
-33.3989967738786 -1.73585511933228
-33.3644579974837 -1.19981671437512
-33.3299192210888 -1.46561067267218
-33.2953804446939 -1.11293485405455
-33.260841668299 -3.23067841368339
-33.2263028919041 -1.80465827302043
-33.1917641155092 -5.4319809871246
-33.1572253391143 -1.51768782797857
-33.1226865627194 -1.9864108922795
-33.0881477863244 -2.76512589388965
-33.0536090099295 -1.50002571898513
-33.0190702335346 -1.29497149631575
-32.9845314571397 -2.28248180951755
-32.9499926807448 -1.9864108922795
-32.9154539043499 -1.40014211403968
-32.880915127955 -1.51768782797857
-32.8463763515601 -2.19107684456155
-32.8118375751652 -3.18245237278517
-32.7772987987703 -2.26352019447005
-32.7427600223753 -3.18245237278517
-32.7082212459804 -1.9864108922795
-32.6736824695855 -2.59445028194464
-32.6391436931906 -2.79663478061972
-32.6046049167957 -3.81887213065699
-32.5700661404008 -2.30180992810245
-32.5355273640059 -2.79663478061972
-32.500988587611 -1.80465827302043
-32.4664498112161 -2.34162433858763
-32.4319110348211 -2.1567326351634
-32.3973722584262 -3.18245237278517
-32.3628334820313 -2.00075017219632
-32.3282947056364 -2.4487019624914
-32.2937559292415 -2.30180992810245
-32.2592171528466 -2.56863553805256
-32.2246783764517 -2.26352019447005
-32.1901396000568 -2.86279711917746
-32.1556008236619 -2.95217512938184
-32.121062047267 -2.39373063251351
-32.086523270872 -2.88004504962722
-32.0519844944771 -2.81276952168696
-32.0174457180822 -3.0711757115479
-31.9829069416873 -2.89759570011221
-31.9483681652924 -2.82916886779172
-31.9138293888975 -2.84584164273332
-31.8792906125026 -7.58425980195995
-31.8447518361077 -2.99028992919379
-31.8102130597128 -2.88004504962722
-31.7756742833178 -2.78075624114518
-31.7411355069229 -3.18245237278517
-31.706596730528 -2.97105094803308
-31.6720579541331 -3.73363954522774
-31.6375191777382 -3.02991522949004
-31.6029804013433 -2.58145961218619
-31.5684416249484 -3.45086552760473
-31.5339028485535 -3.73363954522774
-31.4993640721586 -3.32111059767201
-31.4648252957637 -3.65510444419407
-31.4302865193687 -2.96156850230241
-31.3957477429738 -3.53096107102754
-31.3612089665789 -4.53545031833778
-31.326670190184 -2.81276952168696
-31.2921314137891 -3.42054125254993
-31.2575926373942 -3.48213819868415
-31.2230538609993 -3.46637962063104
-31.1885150846044 -4.98850775518584
-31.1539763082095 -3.69360122249939
-31.1194375318145 -3.48213819868415
-31.0848987554196 -4.042244721596
-31.0503599790247 -4.2587443270796
-31.0158212026298 -3.86437711278512
-30.9812824262349 -4.44828265838015
-30.94674364984 -3.91205192879868
-30.9122048734451 -6.02345212155691
-30.8776660970502 -3.93676967956838
-30.8431273206553 -4.73653788782868
-30.8085885442604 -3.5735505503656
-30.7740497678654 -4.46937264225365
-30.7395109914705 -4.11430369720853
-30.7049722150756 -4.73653788782868
-30.6704334386807 -3.67416759454233
-30.6358946622858 -4.51293578463937
-30.6013558858909 -4.82375776701979
-30.566817109496 -5.10219055630308
-30.5322783331011 -5.06284271022556
-30.4977395567062 -4.11430369720853
-30.4632007803112 -6.02345212155691
-30.4286620039163 -3.96211391555078
-30.3941232275214 -4.40739190709085
-30.3595844511265 -4.49091701377985
-30.3250456747316 -4.38755692530381
-30.2905068983367 -4.82375776701979
-30.2559681219418 -6.53983002906037
-30.2214293455469 -5.14315029639962
-30.186890569152 -4.36810773034649
-30.1523517927571 -4.5584834547735
-30.1178130163621 -4.18391838907598
-30.0832742399672 -4.35852316954514
-30.0487354635723 -7.24699430730706
-30.0141966871774 -6.95227912633452
-29.9796579107825 -4.79383120989366
-29.9451191343876 -5.16427698225215
-29.9105803579927 -4.69562416611028
-29.8760415815978 -4.76477428937437
-29.8415028052029 -4.61850007517178
-29.8069640288079 -5.18585965579447
-29.772425252413 -4.82375776701979
-29.7378864760181 -4.61850007517178
-29.7033476996232 -4.98850775518584
-29.6688089232283 -5.58225446591883
-29.6342701468334 -4.80868254278139
-29.5997313704385 -4.69562416611028
-29.5651925940436 -5.3261608658265
-29.5306538176487 -5.25355172258218
-29.4961150412538 -4.88643957492232
-29.4615762648588 -5.14315029639962
-29.4270374884639 -5.58225446591883
-29.392498712069 -5.70273585713997
-29.3579599356741 -5.18585965579447
-29.3234211592792 -5.70273585713997
-29.2888823828843 -5.6668063371778
-29.2543436064894 -6.62810759966035
-29.2198048300945 -5.15365784825655
-29.1852660536996 -5.77871619605003
-29.1507272773046 -6.62810759966035
-29.1161885009097 -5.50429761372678
-29.0816497245148 -5.15365784825655
-29.0471109481199 -5.61522238939696
-29.012572171725 -5.51941037080787
-28.9780333953301 -6.49845141685729
-28.9434946189352 -5.99855696003103
-28.9089558425403 -5.7591730728178
-28.8744170661454 -5.50429761372678
-28.8398782897505 -6.77711458315688
-28.8053395133555 -6.45871717761193
-28.7708007369606 -5.48940985593132
-28.7362619605657 -7.20504368609962
-28.7017231841708 -5.70273585713997
-28.6671844077759 -6.21758730826156
-28.632645631381 -6.07518263506066
-28.5981068549861 -6.80425988816687
-28.5635680785912 -6.26458767042106
-28.5290293021963 -5.86094777173266
-28.4944905258013 -7.38456693984542
-28.4599517494064 -6.07518263506066
-28.4254129730115 -6.31390648240054
-28.3908741966166 -6.34819102254306
-28.3563354202217 -6.17269716984753
-28.3217966438268 -7.54413147046548
-28.2872578674319 -7.12607933732021
-28.252719091037 -6.49845141685729
-28.2181803146421 -6.34819102254306
-28.1836415382472 -6.36578439706352
-28.1491027618522 -6.11581603555975
-28.1145639854573 -6.89041848621654
-28.0800252090624 -7.38456693984542
-28.0454864326675 -6.90552860172656
-28.0109476562726 -7.29078213635313
-27.9764088798777 -7.66667578870424
-27.9418701034828 -7.40945493383641
-27.9073313270879 -7.31341670820892
-27.872792550693 -10.1037585073408
-27.838253774298 -6.93645152591356
-27.8037149979031 -6.96836127396137
-27.7691762215082 -7.9687792579074
-27.7346374451133 -7.80636233109927
-27.7000986687184 -7.14524358703593
-27.6655598923235 -6.69983827006067
-27.6310211159286 -6.51892671453232
-27.5964823395337 -7.26864856922859
-27.5619435631388 -6.67535187497765
-27.5274047867439 -7.9687792579074
-27.4928660103489 -7.69981105171014
-27.458327233954 -7.4349781839492
-27.4237884575591 -7.76956925137753
-27.3892496811642 -7.48806626096907
-27.3547109047693 -7.29078213635313
-27.3201721283744 -6.83926173714407
-27.2856333519795 -7.51570600370234
-27.2510945755846 -8.06108677537279
-27.2165557991897 -8.98840725655474
-27.1820170227947 -7.52981773958903
-27.1474782463998 -7.86422185711499
-27.1129394700049 -8.06108677537279
-27.07840069361 -7.68310618327849
-27.0438619172151 -7.65051099396419
-27.0093231408202 -10.1037585073408
-26.9747843644253 -8.08555930615513
-26.9402455880304 -7.73408199903439
-26.9057068116355 -7.66667578870424
-26.8711680352406 -8.30644980717834
-26.8366292588456 -7.90474260797049
-26.8020904824507 -8.08555930615513
-26.7675517060558 -7.78779658444283
-26.7330129296609 -7.48806626096907
-26.698474153266 -7.88427700517631
-26.6639353768711 -7.80636233109927
-26.6293966004762 -8.02546555235738
-26.5948578240813 -8.29111875209632
-26.5603190476864 -8.6986523783348
-26.5257802712914 -8.17626171578458
-26.4912414948965 -8.45616006877452
-26.4567027185016 -8.87310002962972
-26.4221639421067 -8.21780261995745
-26.3876251657118 -7.94697488651794
-26.3530863893169 -8.84623717233235
-26.318547612922 -10.3100717063327
-26.2840088365271 -8.7217863715762
-26.2494700601322 -8.42090068203162
-26.2149312837373 -8.63229797996373
-26.1803925073423 -8.6986523783348
-26.1458537309474 -8.42090068203162
-26.1113149545525 -11.1606806755032
-26.0767761781576 -9.01943831830295
-26.0422374017627 -8.63229797996373
-26.0076986253678 -8.43837498040826
-25.9731598489729 -8.7217863715762
-25.938621072578 -8.98840725655474
-25.9040822961831 -8.67604148807727
-25.8695435197881 -8.35390577433562
-25.8350047433932 -8.82007709072797
-25.8004659669983 -8.64305577816132
-25.7659271906034 -8.7217863715762
-25.7313884142085 -9.00380242640869
-25.6968496378136 -8.8330715902356
-25.6623108614187 -9.00380242640869
-25.6277720850238 -8.7101524787418
-25.5932333086289 -9.3312752855515
-25.558694532234 -9.60148360848866
-25.524155755839 -8.82007709072797
-25.4896169794441 -9.24868047439363
-25.4550782030492 -9.24868047439363
-25.4205394266543 -9.85718545242722
-25.3860006502594 -9.22905534784898
-25.3514618738645 -9.85718545242722
-25.3169230974696 -9.78687433387275
-25.2823843210747 -9.44514641831332
-25.2478455446798 -9.13632208842043
-25.2133067682848 -10.0807231482728
-25.1787679918899 -9.77004272844178
-25.144229215495 -9.60148360848866
-25.1096904391001 -10.0146393727941
-25.0751516627052 -9.3312752855515
-25.0406128863103 -10.0807231482728
-25.0060741099154 -9.97289137052117
-24.9715353335205 -9.75348974280264
-24.9369965571256 -10.1273370307455
-24.9024577807306 -9.56004890900903
-24.8679190043357 -9.97289137052117
-24.8333802279408 -10.1762304586143
-24.7988414515459 -11.0957794673959
-24.764302675151 -9.38659089751255
-24.7297638987561 -10.3690624736955
-24.6952251223612 -10.0146393727941
-24.6606863459663 -10.2543678520036
-24.6261475695714 -10.0582064909115
-24.5916087931765 -10.1037585073408
-24.5570700167815 -10.1888366924594
-24.5225312403866 -10.6885028949462
-24.4879924639917 -11.428151851413
-24.4534536875968 -10.0807231482728
-24.4189149112019 -11.0348349368673
-24.384376134807 -10.8467500190818
-24.3498373584121 -11.569052024631
-24.3152985820172 -10.7096333209238
-24.2807598056223 -12.4985263869576
-24.2462210292273 -10.4480589383953
-24.2116822528324 -11.4729483956275
-24.1771434764375 -10.7758433851113
-24.1426047000426 -10.7096333209238
-24.1080659236477 -10.9498626845763
-24.0735271472528 -10.4157077293648
-24.0389883708579 -10.5519101440702
-24.004449594463 -10.6276653752494
-23.9699108180681 -12.056860833457
-23.9353720416732 -10.5160812777095
-23.9008332652782 -10.9773922456186
-23.8662944888833 -11.1277036429799
-23.8317557124884 -11.1775861722854
-23.7972169360935 -11.8596488089636
-23.7626781596986 -10.7532827551544
-23.7281393833037 -11.1116141664739
-23.6936006069088 -11.1775861722854
-23.6590618305139 -11.3046748478861
-23.624523054119 -11.893953057405
-23.589984277724 -11.0057011900904
-23.5554455013291 -11.2300882075199
-23.5209067249342 -11.1440562298164
-23.4863679485393 -11.893953057405
-23.4518291721444 -11.3441637153533
-23.4172903957495 -10.7989247682082
-23.3827516193546 -11.0497264094616
-23.3482128429597 -11.0348349368673
-23.3136740665648 -11.7331129785605
-23.2791352901699 -10.8841824493226
-23.2445965137749 -11.703831539364
-23.21005773738 -11.6753831672722
-23.1755189609851 -11.3748386042512
-23.1409801845902 -11.893953057405
-23.1064414081953 -12.0443082675483
-23.0719026318004 -12.6352225244118
-23.0373638554055 -11.5565217153222
-23.0028250790106 -13.2140400387004
-22.9682863026157 -11.6076134799257
-22.9337475262207 -11.5565217153222
-22.8992087498258 -12.1740585416268
-22.8646699734309 -11.9477221910569
-22.830131197036 -13.6095100855312
-22.7955924206411 -11.9477221910569
-22.7610536442462 -12.2967385703787
-22.7265148678513 -11.7943808130116
-22.6919760914564 -12.0443082675483
-22.6574373150615 -12.1070804873848
-22.6228985386666 -11.7943808130116
-22.5883597622716 -12.5992571707011
-22.5538209858767 -12.1070804873848
-22.5192822094818 -14.7461823086591
-22.4847434330869 -12.7723830749524
-22.450204656692 -12.4517269740255
-22.4156658802971 -12.0963409837084
-22.3811271039022 -12.5645405427168
-22.3465883275073 -12.8374606917063
-22.3120495511124 -13.1205579249254
-22.2775107747174 -11.9385574897851
-22.2429719983225 -12.3366826051058
-22.2084332219276 -12.8833244419177
-22.1738944455327 -12.3098767625282
-22.1393556691378 -13.3171707802114
-22.1048168927429 -12.530988830125
-22.070278116348 -12.4670847044396
-22.0357393399531 -12.3366826051058
-22.0012005635582 -14.1006403884304
-21.9666617871633 -13.4736473652479
-21.9321230107683 -12.5146258880478
-21.8975842343734 -13.2472490592836
-21.8630454579785 -13.7115609917742
-21.8285066815836 -12.6725297974279
-21.7939679051887 -12.7829394758613
-21.7594291287938 -14.2272306993692
-21.7248903523989 -14.1410823949218
-21.690351576004 -13.1818985020171
-21.6558127996091 -13.5621416853976
-21.6212740232141 -13.4321735717717
-21.5867352468192 -13.0215093100672
-21.5521964704243 -12.9070700285455
-21.5176576940294 -14.372200918192
-21.4831189176345 -13.2992266853891
-21.4485801412396 -13.5855454410154
-21.4140413648447 -13.1978401411194
-21.3795025884498 -12.9313932112137
-21.3449638120549 -13.9534793058504
-21.31042503566 -13.7955731085951
-21.275886259265 -13.5855454410154
-21.2413474828701 -13.9882894787332
-21.2068087064752 -13.2140400387004
-21.1722699300803 -13.7387882744391
-21.1377311536854 -13.4526954744745
-21.1031923772905 -13.9534793058504
-21.0686536008956 -14.1832291425791
-21.0341148245007 -14.4534137624292
-20.9995760481058 -13.2642765044924
-20.9650372717108 -13.5506420544392
-20.9304984953159 -14.2049879233707
-20.895959718921 -13.2642765044924
-20.8614209425261 -14.3215061744224
-20.8268821661312 -13.7115609917742
-20.7923433897363 -13.6340631647138
-20.7578046133414 -14.0810166290046
-20.7232658369465 -14.7090864394446
-20.6887270605516 -13.9534793058504
-20.6541882841567 -14.0810166290046
-20.6196495077617 -15.0534517117601
-20.5851107313668 -13.9034357347837
-20.5505719549719 -14.372200918192
-20.516033178577 -14.3465323360699
-20.4814944021821 -14.3985457735049
-20.4469556257872 -14.3985457735049
-20.4124168493923 -14.2049879233707
-20.3778780729974 -14.1725247564184
-20.3433392966025 -13.9882894787332
-20.3088005202075 -14.9100786966373
-20.2742617438126 -14.3215061744224
-20.2397229674177 -15.4599381231864
-20.2051841910228 -16.4203663961504
-20.1706454146279 -15.02808286598
-20.136106638233 -15.8864455340487
-20.1015678618381 -15.2517241469518
-20.0670290854432 -15.3504217633812
-20.0324903090483 -15.2517241469518
-19.9979515326534 -14.5891219051313
-19.9634127562584 -14.7090864394446
-19.9288739798635 -14.7274623709746
-19.8943352034686 -14.8045413092318
-19.8597964270737 -14.6733175933886
-19.8252576506788 -15.627549722337
-19.7907188742839 -14.6219545034593
-19.756180097889 -15.02808286598
-19.7216413214941 -14.9325917549771
-19.6871025450992 -14.9673411672971
-19.6525637687042 -15.6984325579897
-19.6180249923093 -21.2474908438518
-19.5834862159144 -15.1618986452161
-19.5489474395195 -15.1198409402248
-19.5144086631246 -15.5829403698133
-19.4798698867297 -14.9440412458252
-19.4453311103348 -15.2361816647226
-19.4107923339399 -15.6742423649915
-19.376253557545 -16.3711948989844
-19.3417147811501 -15.6049963174062
-19.3071760047551 -16.6455143349018
-19.2726372283602 -15.3164286330427
-19.2380984519653 -15.3504217633812
-19.2035596755704 -15.0794809249732
-19.1690208991755 -15.8015074621571
-19.1344821227806 -15.7232224533079
-19.0999433463857 -15.4408320907359
-19.0654045699908 -15.6742423649915
-19.0308657935959 -15.9631912803002
-18.9963270172009 -16.2159554968923
-18.961788240806 -16.9365460069447
-18.9272494644111 -16.1561554870173
-18.8927106880162 -15.9631912803002
-18.8581719116213 -16.979689307461
-18.8236331352264 -15.7486425430832
-18.7890943588315 -15.3591037175896
-18.7545555824366 -16.2159554968923
-18.7200168060417 -16.2367108095739
-18.6854780296468 -21.2474908438518
-18.6509392532518 -16.3474870869241
-18.6164004768569 -16.3711948989844
-18.581861700462 -16.3954784484934
-18.5473229240671 -16.1369912647739
-18.5127841476722 -16.1369912647739
-18.4782453712773 -16.8172728750251
-18.4437065948824 -17.1215553452043
-18.4091678184875 -16.4720813330996
-18.3746290420926 -16.4458895975335
-18.3400902656976 -17.0481086865836
-18.3055514893027 -16.7804798965728
-18.2710127129078 -16.6775866981006
-18.2364739365129 -16.2686745536479
-18.201935160118 -16.4720813330996
-18.1673963837231 -17.14728729998
-18.1328576073282 -16.3243283431303
-18.0983188309333 -16.5695642221292
-18.0637800545384 -17.0481086865836
-18.0292412781435 -16.4720813330996
-17.9947025017485 -17.317358532109
-17.9601637253536 -16.3954784484934
-17.9256249489587 -17.0964689472129
-17.8910861725638 -16.5407289608049
-17.8565473961689 -18.0623668398105
-17.822008619774 -17.3487441627692
-17.7874698433791 -17.2869280571151
-17.7529310669842 -17.4492830534835
-17.7183922905893 -16.8554714577201
-17.6838535141943 -16.7804798965728
-17.6493147377994 -17.4851750830958
-17.6147759614045 -16.9907723739753
-17.5802371850096 -17.272053174231
-17.5456984086147 -17.14728729998
-17.5111596322198 -17.272053174231
-17.4766208558249 -16.9907723739753
-17.44208207943 -17.4492830534835
-17.4075433030351 -17.9692146872949
-17.3730045266402 -17.1736989157496
-17.3384657502452 -17.059981269513
-17.3039269738503 -17.1604059137181
-17.2693881974554 -17.059981269513
-17.2348494210605 -18.2399570660935
-17.2003106446656 -17.2429511785987
-17.1657718682707 -18.2399570660935
-17.1312330918758 -17.9116094398855
-17.0966943154809 -17.7095588834478
-17.062155539086 -17.2146722137208
-17.027616762691 -17.6432049243481
-16.9930779862961 -17.5036160393307
-16.9585392099012 -18.2399570660935
-16.9240004335063 -17.4851750830958
-16.8894616571114 -17.5224034636379
-16.8549228807165 -17.5129656312192
-16.8203841043216 -18.5054902152716
-16.7858453279267 -17.3729472228508
-16.7513065515318 -17.8309827124909
-16.7167677751369 -18.3000263826806
-16.6822289987419 -17.9692146872949
-16.647690222347 -18.0147064900525
-16.6131514459521 -18.2399570660935
-16.5786126695572 -18.2795997174628
-16.5440738931623 -18.2207099054401
-16.5095351167674 -17.9116094398855
-16.4749963403725 -18.9837802505729
-16.4404575639776 -18.2399570660935
-16.4059187875827 -18.2595819621641
-16.3713800111877 -17.7444634686789
-16.3368412347928 -18.9837802505729
-16.3023024583979 -18.7643834428717
-16.267763682003 -19.4426271482649
-16.2332249056081 -18.4560453314757
-16.1986861292132 -18.2695407518338
-16.1641473528183 -18.9837802505729
-16.1296085764234 -18.2302871798324
-16.0950698000285 -18.8680770058092
-16.0605310236336 -19.4426271482649
-16.0259922472386 -18.584567536888
-15.9914534708437 -18.5182431090153
-15.9569146944488 -19.0470729702677
-15.9223759180539 -19.0690931919361
-15.887837141659 -18.8148867816866
-15.8532983652641 -19.833407637057
-15.8187595888692 -18.3861801667546
-15.7842208124743 -19.7420810154926
-15.7496820360794 -19.7867021194144
-15.7151432596844 -19.5811866370111
-15.6806044832895 -18.9837802505729
-15.6460657068946 -20.3154955215372
-15.6115269304997 -19.1382218245628
-15.5769881541048 -19.4107921661922
-15.5424493777099 -19.0044358949186
-15.507910601315 -19.2254183600874
-15.4733718249201 -19.5269525052851
-15.4388330485252 -19.2927119878973
-15.4042942721303 -19.3353749462632
-15.3697554957353 -19.2385196803471
-15.3352167193404 -19.9882387854695
-15.3006779429455 -19.4755090153032
-15.2661391665506 -19.7867021194144
-15.2316003901557 -19.6385316308051
-15.1970616137608 -19.6584014354077
-15.1625228373659 -19.5095089684406
-15.127984060971 -20.171513776857
-15.0934452845761 -19.6584014354077
-15.0589065081811 -20.0165458117354
-15.0243677317862 -19.4923644992297
-14.9898289553913 -19.8576047404866
-14.9552901789964 -21.2816387540157
-14.9207514026015 -20.1066176112106
-14.8862126262066 -19.7420810154926
-14.8516738498117 -19.5627798352175
-14.8171350734168 -20.417295041973
-14.7825962970219 -19.4755090153032
-14.748057520627 -20.3549806563908
-14.713518744232 -20.940216269596
-14.6789799678371 -20.2963226236139
-14.6444411914422 -22.266615504158
-14.6099024150473 -20.3350432171384
-14.5753636386524 -19.7420810154926
-14.5408248622575 -20.3753236974982
-14.5062860858626 -19.5008999926821
-14.4717473094677 -20.8051429365246
-14.4372085330728 -20.2963226236139
-14.4026697566778 -20.5306445920693
-14.3681309802829 -21.9923073640317
-14.333592203888 -19.8576047404866
-14.2990534274931 -20.2590455924823
-14.2645146510982 -20.0605679379656
-14.2299758747033 -21.1847508356945
-14.1954370983084 -20.7438840884679
-14.1608983219135 -20.3449622499021
-14.1263595455186 -22.7919438650245
-14.0918207691237 -20.8704007340042
-14.0572819927287 -20.8210625028446
-14.0227432163338 -20.417295041973
-13.9882044399389 -20.9223001363187
-13.953665663544 -21.2565226013308
-13.9191268871491 -20.8874029995187
-13.8845881107542 -21.2565226013308
-13.8500493343593 -20.6184013647959
-13.8155105579644 -21.1396138755157
-13.7809717815695 -21.1847508356945
-13.7464330051745 -20.6861622554572
-13.7118942287796 -20.6053832475223
-13.6773554523847 -20.9046993493728
-13.6428166759898 -21.1177871007443
-13.6082778995949 -21.4176544903269
-13.5737391232 -21.2816387540157
-13.5392003468051 -20.8051429365246
-13.5046615704102 -22.6194949969798
-13.4701227940153 -21.1847508356945
-13.4355840176204 -21.0964265754619
-13.4010452412254 -23.3811247201365
-13.3665064648305 -21.1396138755157
-13.3319676884356 -21.1396138755157
-13.2974289120407 -21.6642584523425
-13.2628901356458 -21.15070855519
-13.2283513592509 -21.219992958374
-13.193812582856 -21.6457853219257
-13.1592738064611 -21.3748728394954
-13.1247350300662 -22.7214462034823
-13.0901962536712 -21.7621183582594
-13.0556574772763 -21.4932943627644
-13.0211187008814 -21.9175233441065
-12.9865799244865 -22.6691719064668
-12.9520411480916 -21.9175233441065
-12.9175023716967 -22.4423092973412
-12.8829635953018 -21.525228504834
-12.8484248189069 -22.1016035766513
-12.813886042512 -23.033863142523
-12.779347266117 -22.2918433035514
-12.7448084897221 -23.4344182845415
-12.7102697133272 -22.0872702014715
-12.6757309369323 -21.9542164357087
-12.6411921605374 -21.8257878879306
-12.6066533841425 -21.9667528873355
-12.5721146077476 -22.3094591829001
-12.5375758313527 -22.595552327652
-12.5030370549578 -22.896983815235
-12.4684982785629 -22.2081382634637
-12.4339595021679 -22.2407844001409
-12.399420725773 -22.8053682627318
-12.3648819493781 -23.0712249237233
-12.3303431729832 -21.9794484989947
-12.2958043965883 -22.2918433035514
-12.2612656201934 -22.8349838833526
-12.2267268437985 -22.2081382634637
-12.1921880674036 -22.1016035766513
-12.1576492910087 -22.5269829234207
-12.1231105146137 -22.1610843627511
-12.0885717382188 -22.4525096303298
-12.0540329618239 -23.1924952426058
-12.019494185429 -23.5503662804474
-11.9849554090341 -22.6316847896992
-11.9504166326392 -22.7908829948711
-11.9158778562443 -22.7908829948711
-11.8813390798494 -23.015693003137
-11.8468003034545 -22.6691719064668
-11.8122615270596 -23.4621694268739
-11.7777227506646 -23.0523695554341
-11.7431839742697 -22.7625271273292
-11.7086451978748 -22.8053682627318
-11.6741064214799 -23.282368924617
-11.639567645085 -22.6565194140196
-11.6050288686901 -22.997847134435
-11.5704900922952 -23.68154327344
-11.5359513159003 -24.1129785772055
-11.5014125395054 -22.6194949969798
-11.4668737631104 -23.4621694268739
-11.4323349867155 -23.3305282290535
-11.3977962103206 -23.6471008897166
-11.3632574339257 -23.3682335797675
-11.3287186575308 -23.4907127307836
-11.2941798811359 -26.3213280656551
-11.259641104741 -23.033863142523
-11.2251023283461 -23.3182692270707
-11.1905635519512 -23.8325633517752
-11.1560247755563 -23.4907127307836
-11.1214859991613 -23.9864636558302
-11.0869472227664 -24.2578498927652
-11.0524084463715 -23.4344182845415
-11.0178696699766 -25.9219142313472
-10.9833308935817 -23.7172143809283
-10.9487921171868 -23.476339242261
-10.9142533407919 -23.6641738041826
-10.879714564397 -23.6303145734372
-10.8451757880021 -24.0351662032873
-10.8106370116071 -24.3560521889619
-10.7760982352122 -23.9864636558302
-10.7415594588173 -23.9175876185692
-10.7070206824224 -24.464958910376
-10.6724819060275 -24.2271478965424
-10.6379431296326 -24.4459640709478
-10.6034043532377 -24.7775752021604
-10.5688655768428 -24.4459640709478
-10.5343268004479 -24.7018721803508
-10.499788024053 -24.5871924611281
-10.465249247658 -23.6471008897166
-10.4307104712631 -24.0863626670812
-10.3961716948682 -24.2895244396168
-10.3616329184733 -24.3910529420744
-10.3270941420784 -24.83142769368
-10.2925553656835 -24.0477216962672
-10.2580165892886 -24.8041389803612
-10.2234778128937 -24.3390007392789
-10.1889390364988 -24.1265569864495
-10.1544002601038 -24.464958910376
-10.1198614837089 -25.0466665972997
-10.085322707314 -24.3390007392789
-10.0507839309191 -26.1018108827046
-10.0162451545242 -24.9964845845453
-9.9817063781293 -24.5040665191934
-9.94716760173439 -25.1177508807485
-9.91262882533947 -24.5140871529988
-9.87809004894456 -24.5242092171598
-9.84355127254965 -24.1973605024792
-9.80901249615474 -24.790768889565
-9.77447371975983 -24.7018721803508
-9.73993494336492 -25.842805747578
-9.70539616697001 -24.8594820223742
-9.6708573905751 -25.4933244088976
-9.63631861418019 -25.3914420481323
-9.60177983778528 -25.7012014799325
-9.56724106139037 -25.7012014799325
-9.53270228499546 -24.9332673163389
-9.49816350860055 -24.7140980304769
-9.46362473220564 -25.548442486159
-9.42908595581073 -24.9964845845453
-9.39454717941582 -25.3213115433983
-9.36000840302091 -25.3441462331005
-9.325469626626 -25.3914420481323
-9.29093085023109 -25.2880083746365
-9.25639207383617 -25.6687257395493
-9.22185329744126 -26.780530831702
-9.18731452104635 -25.3914420481323
-9.15277574465144 -25.4036239737019
-9.11823696825653 -25.4933244088976
-9.08369819186162 -28.281482781979
-9.04915941546671 -25.9639461919785
-9.0146206390718 -26.6029952620788
-8.98008186267689 -26.5631332198253
-8.94554308628198 -25.3794067376111
-8.91100430988707 -25.3794067376111
-8.87646553349216 -25.8620039375134
-8.84192675709725 -25.7694992340156
-8.80738798070234 -25.9639461919785
-8.77284920430743 -25.9639461919785
-8.73831042791252 -26.1267561496711
-8.70377165151761 -26.8827133674361
-8.6692328751227 -26.0305045823715
-8.63469409872778 -26.2763292613939
-8.60015532233287 -26.2763292613939
-8.56561654593796 -26.0078226495933
-8.53107776954305 -26.2763292613939
-8.49653899314814 -27.0913068458909
-8.46200021675323 -25.8146823269025
-8.42746144035832 -26.4699206854547
-8.39292266396341 -27.3551995882664
-8.3583838875685 -28.1780816314324
-8.32384511117359 -26.0537129488508
-8.28930633477868 -26.8303175081612
-8.25476755838377 -26.6659359077328
-8.22022878198886 -26.5061698758083
-8.18569000559395 -27.7147193471616
-8.15115122919904 -27.7785177591798
-8.11661245280413 -27.0587091035085
-8.08207367640922 -27.3129630234385
-8.04753490001431 -26.7565371783389
-8.01299612361939 -26.4349396628466
-7.97845734722448 -27.3129630234385
-7.94391857082957 -27.2924954077551
-7.90937979443466 -26.7331057567239
-7.87484101803975 -26.710210820007
-7.84030224164484 -27.011722237115
-7.80576346524993 -26.7331057567239
-7.77122468885502 -27.3338583314994
-7.73668591246011 -26.9380070882556
-7.7021471360652 -27.0428002420077
-7.66760835967029 -26.9380070882556
-7.63306958327538 -26.6989569646419
-7.59853080688047 -27.6547482180024
-7.56399203048556 -26.6551668317575
-7.52945325409065 -27.0271405141211
-7.49491447769574 -28.5272200862015
-7.46037570130083 -27.9197991260112
-7.42583692490592 -27.5446241683286
-7.39129814851101 -26.9380070882556
-7.35675937211609 -27.2334921208199
-7.32222059572118 -27.7785177591798
-7.28768181932627 -27.1422868250604
-7.25314304293136 -27.3992990520842
-7.21860426653645 -27.6842842828945
-7.18406549014154 -27.0996250638566
-7.14952671374663 -27.3880905284361
-7.11498793735172 -27.2724383267418
-7.08044916095681 -27.5981710452549
-7.0459103845619 -28.1780816314324
-7.01137160816699 -27.1080130553696
-6.97683283177208 -27.6842842828945
-6.94229405537717 -27.5446241683286
-6.90775527898226 -27.9584746410426
-6.87321650258735 -28.0194459033386
-6.83867772619244 -27.6842842828945
-6.80413894979753 -27.8825638762714
-6.76960017340262 -28.1301323718333
-6.7350613970077 -27.5577444877407
-6.70052262061279 -27.6120180860626
-6.66598384421788 -28.0406247227324
-6.63144506782297 -27.5845131291495
-6.59690629142806 -28.3090945447624
-6.56236751503315 -28.4278623170813
-6.52782873863824 -28.7185044311616
-6.49328996224333 -28.6375500078801
-6.45875118584842 -27.9486646298134
-6.42421240945351 -29.9798681804295
-6.3896736330586 -28.4437514299087
-6.35513485666369 -28.0732584819257
-6.32059608026878 -27.7951242643169
-6.28605730387387 -30.6965458583997
-6.25151852747896 -28.6571825402873
-6.21697975108405 -28.4763077131039
-6.18244097468914 -28.5447836551402
-6.14790219829423 -29.2302087896063
-6.11336342189932 -28.903200346016
-6.0788246455044 -28.3968219976867
-6.04428586910949 -29.1622420854746
-6.00974709271458 -29.2302087896063
-5.97520831631967 -28.903200346016
-5.94066953992476 -28.9552446104418
-5.90613076352985 -28.9288839407507
-5.87159198713494 -29.2302087896063
-5.83705321074003 -29.0387713994043
-5.80251443434512 -28.4278623170813
-5.76797565795021 -29.0986023253913
-5.7334368815553 -32.517292864501
-5.69889810516039 -28.8298850809985
-5.66435932876548 -29.6367734030478
-5.62982055237057 -29.5127757613913
-5.59528177597566 -29.1459484459885
-5.56074299958075 -29.2479476139436
-5.52620422318584 -28.6873735125664
-5.49166544679093 -28.9686901911511
-5.45712667039601 -28.8298850809985
-5.4225878940011 -29.5363756767321
-5.38804911760619 -29.6367734030478
-5.35351034121128 -29.0243567354021
-5.31897156481637 -28.7291005567931
-5.28443278842146 -28.5626612262476
-5.24989401202655 -28.9552446104418
-5.21535523563164 -28.6976431792039
-5.18081645923673 -28.4517916742272
-5.14627768284182 -28.61829550209
-5.11173890644691 -28.3519965663066
-5.077200130052 -28.1098565143017
-5.04266135365709 -28.1156077882424
-5.00812257726218 -27.9462270905199
-4.97358380086727 -27.7805785533146
-4.93904502447236 -27.754113904493
-4.90450624807745 -27.5462548250291
-4.86996747168254 -27.3866982553258
-4.83542869528763 -27.1857114043124
-4.80088991889271 -27.0547080979211
-4.7663511424978 -26.863566060312
-4.73181236610289 -26.7038649499541
-4.69727358970798 -26.5704873206881
-4.66273481331307 -26.3867059657016
-4.62819603691816 -26.2115544326687
-4.59365726052325 -26.0544469611785
-4.55911848412834 -25.8726609615681
-4.52457970773343 -25.7022335383354
-4.49004093133852 -25.534593828277
-4.45550215494361 -25.3566753361235
-4.4209633785487 -25.1879289779334
-4.38642460215379 -25.0166333189527
-4.35188582575888 -24.8456304682008
-4.31734704936397 -24.6738826153912
-4.28280827296906 -24.4999465685575
-4.24826949657415 -24.3283260008521
-4.21373072017924 -24.1559282303496
-4.17919194378432 -23.9819015618634
-4.14465316738941 -23.8092751534723
-4.1101143909945 -23.6368382325218
-4.07557561459959 -23.4639434767101
-4.04103683820468 -23.2913628797735
-4.00649806180977 -23.1187122114774
-3.97195928541486 -22.9457343551245
-3.93742050901995 -22.7727700115942
-3.90288173262504 -22.5997312878954
-3.86834295623013 -22.4267620767225
-3.83380417983522 -22.2537991579667
-3.79926540344031 -22.0808355138076
-3.7647266270454 -21.9079117713283
-3.73018785065049 -21.7348781012461
-3.69564907425558 -21.561772984706
-3.66111029786067 -21.3887357354107
-3.62657152146576 -21.2156281552659
-3.59203274507085 -21.0425568328712
-3.55749396867594 -20.8694221539264
-3.52295519228102 -20.6963054442815
-3.48841641588611 -20.5231642200314
-3.4538776394912 -20.35001302369
-3.41933886309629 -20.176825081834
-3.38480008670138 -20.003629339739
-3.35026131030647 -19.8304188457506
-3.31572253391156 -19.6571867808151
-3.28118375751665 -19.483928120796
-3.24664498112174 -19.3106544091846
-3.21210620472683 -19.1373561377711
-3.17756742833192 -18.9640367711501
-3.14302865193701 -18.7906958765757
-3.1084898755421 -18.6173323837423
-3.07395109914719 -18.4439447427249
-3.03941232275228 -18.2705293274118
-3.00487354635737 -18.0970889117219
-2.97033476996246 -17.9236213556205
-2.93579599356755 -17.7501257481098
-2.90125721717263 -17.5766000676711
-2.86671844077772 -17.4030444174678
-2.83217966438281 -17.2294575482051
-2.7976408879879 -17.0558373142752
-2.76310211159299 -16.8821838359404
-2.72856333519808 -16.7084943307273
-2.69402455880317 -16.5347686149827
-2.65948578240826 -16.3610046248821
-2.62494700601335 -16.1872012748551
-2.59040822961844 -16.0133568405544
-2.55586945322353 -15.8394699091364
-2.52133067682862 -15.6655386372815
-2.48679190043371 -15.4915614136544
-2.4522531240388 -15.3175364264951
-2.41771434764389 -15.1434617982402
-2.38317557124898 -14.9693355628522
-2.34863679485407 -14.7951556978542
-2.31409801845916 -14.6209201284914
-2.27955924206424 -14.4466265997518
-2.24502046566933 -14.2722728261476
-2.21048168927442 -14.0978563825569
-2.17594291287951 -13.9233747636752
-2.1414041364846 -13.748825349237
-2.10686536008969 -13.5742053945547
-2.07232658369478 -13.3995120456271
-2.03778780729987 -13.2247423106407
-2.00324903090496 -13.0498930649156
-1.96871025451005 -12.8749610460252
-1.93417147811514 -12.6999428390526
-1.89963270172023 -12.5248348756097
-1.86509392532532 -12.3496334200891
-1.83055514893041 -12.1743345701181
-1.7960163725355 -11.998934234575
-1.76147759614059 -11.8234281348065
-1.72693881974567 -11.647811788521
-1.69240004335076 -11.4720805019177
-1.65786126695585 -11.2962293571898
-1.62332249056094 -11.120253200542
-1.58878371416603 -10.9441466287167
-1.55424493777112 -10.7679039767424
-1.51970616137621 -10.5915193024215
-1.4851673849813 -10.4149863713214
-1.45062860858639 -10.238298639977
-1.41608983219148 -10.0614492396929
-1.38155105579657 -9.88443095698499
-1.34701227940166 -9.70723621464376
-1.31247350300675 -9.52985705120255
-1.27793472661183 -9.35228509826862
-1.24339595021692 -9.17451155751408
-1.20885717382201 -8.99652717567204
-1.1743183974271 -8.81832221791963
-1.13977962103219 -8.63988643972969
-1.10524084463728 -8.46120905686838
-1.07070206824237 -8.28227871338317
-1.03616329184746 -8.10308344765888
-1.00162451545255 -7.92361065616539
-0.967085739057638 -7.74384705488676
-0.932546962662727 -7.56377863826389
-0.898008186267817 -7.38339063542068
-0.863469409872906 -7.20266746354957
-0.828930633477995 -7.02159267822972
-0.794391857083085 -6.84014892046101
-0.759853080688174 -6.65831786023373
-0.725314304293263 -6.47608013633103
-0.690775527898353 -6.29341529218441
-0.656236751503442 -6.11030170745208
-0.621697975108531 -5.92671652505631
-0.587159198713621 -5.74263557337041
-0.55262042231871 -5.55803328322074
-0.518081645923799 -5.37288259936171
-0.483542869528889 -5.18715488604329
-0.449004093133978 -5.00081982628132
-0.414465316739067 -4.81384531440997
-0.379926540344157 -4.62619734146477
-0.345387763949246 -4.43783987293126
-0.310848987554335 -4.2487347183547
-0.276310211159424 -4.05884139228274
-0.241771434764514 -3.86811696598299
-0.207232658369603 -3.67651590934908
-0.172693881974692 -3.48398992237795
-0.138155105579782 -3.29048775557014
-0.103616329184871 -3.0959550185786
-0.0690775527899602 -2.90033397640089
-0.0345387763950495 -2.70356333238414
