-34.5387763949107 -3.48083074820824
-34.5042376185158 -1.8592987861151
-34.4696988421209 -1.27017732238943
-34.435160065726 -0.982078490426508
-34.400621289331 -0.901939632141984
-34.3660825129361 -2.37212995473839
-34.3315437365412 -2.08319394547688
-34.2970049601463 -2.08319394547688
-34.2624661837514 -1.5219682600314
-34.2279274073565 -0.827749252536423
-34.1933886309616 -1.06920351187678
-34.1588498545667 -2.7801076634197
-34.1243110781718 -3.48083074820824
-34.0897723017769 -1.27017732238943
-34.0552335253819 -3.07030866551202
-34.020694748987 -2.21726254706922
-33.9861559725921 -3.0503326821899
-33.9516171961972 -2.7801076634197
-33.9170784198023 -1.76371543429437
-33.8825396434074 -2.36214221217158
-33.8480008670125 -7.66667578870424
-33.8134620906176 -3.48083074820824
-33.7789233142227 -4.12936022485039
-33.7443845378277 -3.0503326821899
-33.7098457614328 -1.67647647094755
-33.6753069850379 -4.12936022485039
-33.640768208643 -4.18930412520271
-33.6062294322481 -2.08319394547688
-33.5716906558532 -3.48083074820824
-33.5371518794583 -3.45086552760473
-33.5026131030634 -3.0503326821899
-33.4680743266685 -2.7801076634197
-33.4335355502736 -3.07030866551202
-33.3989967738786 -2.7801076634197
-33.3644579974837 -3.23067841368339
-33.3299192210888 -3.23067841368339
-33.2953804446939 -3.0503326821899
-33.260841668299 -1.8592987861151
-33.2263028919041 -2.55545579430928
-33.1917641155092 -2.08319394547688
-33.1572253391143 -2.7801076634197
-33.1226865627194 -4.79383120989366
-33.0881477863244 -2.66148639258082
-33.0536090099295 -3.45086552760473
-33.0190702335346 -3.73363954522774
-32.9845314571397 -2.91471782047255
-32.9499926807448 -7.66667578870424
-32.9154539043499 -7.66667578870424
-32.880915127955 -4.12936022485039
-32.8463763515601 -4.79383120989366
-32.8118375751652 -3.48083074820824
-32.7772987987703 -2.91471782047255
-32.7427600223753 -2.29170125285722
-32.7082212459804 -3.48083074820824
-32.6736824695855 -3.48083074820824
-32.6391436931906 -3.96000187968239
-32.6046049167957 -2.7801076634197
-32.5700661404008 -4.48733573307181
-32.5355273640059 -2.98949022654681
-32.500988587611 -3.23067841368339
-32.4664498112161 -3.23067841368339
-32.4319110348211 -3.23067841368339
-32.3973722584262 -3.48083074820824
-32.3628334820313 -4.79383120989366
-32.3282947056364 -3.07030866551202
-32.2937559292415 -3.96000187968239
-32.2592171528466 -3.48083074820824
-32.2246783764517 -3.33472387797203
-32.1901396000568 -3.48083074820824
-32.1556008236619 -4.18930412520271
-32.121062047267 -4.40739190709085
-32.086523270872 -3.77359549827467
-32.0519844944771 -4.12936022485039
-32.0174457180822 -4.48733573307181
-31.9829069416873 -6.02345212155691
-31.9483681652924 -3.69198613649638
-31.9138293888975 -4.48733573307181
-31.8792906125026 -3.41931185883914
-31.8447518361077 -6.51237184792898
-31.8102130597128 -3.41931185883914
-31.7756742833178 -5.67284255115183
-31.7411355069229 -4.48733573307181
-31.706596730528 -5.22298664272298
-31.6720579541331 -4.48733573307181
-31.6375191777382 -7.66667578870424
-31.6029804013433 -5.4319809871246
-31.5684416249484 -5.67284255115183
-31.5339028485535 -4.0680949111843
-31.4993640721586 -3.86246154549592
-31.4648252957637 -4.91382690184856
-31.4302865193687 -4.2587443270796
-31.3957477429738 -4.58205964949308
-31.3612089665789 -5.22298664272298
-31.326670190184 -4.58205964949308
-31.2921314137891 -4.40739190709085
-31.2575926373942 -6.00697787532366
-31.2230538609993 -4.32725792366166
-31.1885150846044 -3.96000187968239
-31.1539763082095 -4.57813729359535
-31.1194375318145 -4.91931820686403
-31.0848987554196 -4.40409712938035
-31.0503599790247 -4.32725792366166
-31.0158212026298 -5.05650658377797
-30.9812824262349 -7.66667578870424
-30.94674364984 -5.05650658377797
-30.9122048734451 -6.51237184792898
-30.8776660970502 -5.05650658377797
-30.8431273206553 -6.00697787532366
-30.8085885442604 -6.51237184792898
-30.7740497678654 -5.22298664272298
-30.7395109914705 -5.67284255115183
-30.7049722150756 -4.48733573307181
-30.6704334386807 -5.4319809871246
-30.6358946622858 -5.05650658377797
-30.6013558858909 -6.00697787532366
-30.566817109496 -6.02345212155691
-30.5322783331011 -5.31792388243012
-30.4977395567062 -7.66667578870424
-30.4632007803112 -5.13628615542787
-30.4286620039163 -6.24867416830875
-30.3941232275214 -5.05650658377797
-30.3595844511265 -4.84945952833592
-30.3250456747316 -7.58425980195995
-30.2905068983367 -5.31792388243012
-30.2559681219418 -5.5400425650516
-30.2214293455469 -10.8143078224549
-30.186890569152 -7.58425980195995
-30.1523517927571 -10.8143078224549
-30.1178130163621 -7.66667578870424
-30.0832742399672 -6.53983002906037
-30.0487354635723 -4.84945952833592
-30.0141966871774 -4.98262421191032
-29.9796579107825 -6.22808109852775
-29.9451191343876 -6.22808109852775
-29.9105803579927 -7.58425980195995
-29.8760415815978 -7.58425980195995
-29.8415028052029 -6.24867416830875
-29.8069640288079 -6.51237184792898
-29.772425252413 -6.69198860279221
-29.7378864760181 -6.72493933112383
-29.7033476996232 -6.22808109852775
-29.6688089232283 -6.91108861934831
-29.6342701468334 -8.40372649797695
-29.5997313704385 -6.95227912633452
-29.5651925940436 -6.11143106450629
-29.5306538176487 -6.95227912633452
-29.4961150412538 -6.72493933112383
-29.4615762648588 -6.95227912633452
-29.4270374884639 -8.40372649797695
-29.392498712069 -8.2386136690895
-29.3579599356741 -8.2386136690895
-29.3234211592792 -8.2386136690895
-29.2888823828843 -5.74650069273343
-29.2543436064894 -7.1920675900691
-29.2198048300945 -6.38369284997565
-29.1852660536996 -7.24699430730706
-29.1507272773046 -9.19092405992828
-29.1161885009097 -9.19092405992828
-29.0816497245148 -7.58425980195995
-29.0471109481199 -7.85884284280055
-29.012572171725 -7.4349781839492
-28.9780333953301 -6.91108861934831
-28.9434946189352 -10.8143078224549
-28.9089558425403 -8.85841654592904
-28.8744170661454 -9.19092405992828
-28.8398782897505 -6.29194043434535
-28.8053395133555 -10.8143078224549
-28.7708007369606 -6.72493933112383
-28.7362619605657 -7.9687792579074
-28.7017231841708 -8.40372649797695
-28.6671844077759 -7.24699430730706
-28.632645631381 -7.36905882943385
-28.5981068549861 -7.0417417505164
-28.5635680785912 -9.19092405992828
-28.5290293021963 -9.19092405992828
-28.4944905258013 -9.41927454024968
-28.4599517494064 -10.1037585073408
-28.4254129730115 -10.8143078224549
-28.3908741966166 -8.40372649797695
-28.3563354202217 -8.7217863715762
-28.3217966438268 -8.85841654592904
-28.2872578674319 -7.0417417505164
-28.252719091037 -7.9687792579074
-28.2181803146421 -8.2386136690895
-28.1836415382472 -9.41927454024968
-28.1491027618522 -7.80636233109927
-28.1145639854573 -9.19092405992828
-28.0800252090624 -7.58425980195995
-28.0454864326675 -7.85884284280055
-28.0109476562726 -8.85841654592904
-27.9764088798777 -8.50124515117592
-27.9418701034828 -8.50124515117592
-27.9073313270879 -8.50124515117592
-27.872792550693 -8.2386136690895
-27.838253774298 -9.41927454024968
-27.8037149979031 -8.50124515117592
-27.7691762215082 -8.66396847174963
-27.7346374451133 -7.58425980195995
-27.7000986687184 -8.85841654592904
-27.6655598923235 -8.7217863715762
-27.6310211159286 -8.40372649797695
-27.5964823395337 -8.66396847174963
-27.5619435631388 -8.66396847174963
-27.5274047867439 -8.2386136690895
-27.4928660103489 -9.5466102744496
-27.458327233954 -9.5466102744496
-27.4237884575591 -9.41927454024968
-27.3892496811642 -9.89101985488964
-27.3547109047693 -8.40372649797695
-27.3201721283744 -9.41927454024968
-27.2856333519795 -9.89101985488964
-27.2510945755846 -11.4729483956275
-27.2165557991897 -8.129322249672
-27.1820170227947 -8.50124515117592
-27.1474782463998 -8.129322249672
-27.1129394700049 -9.10003013564111
-27.07840069361 -8.42884369534345
-27.0438619172151 -11.4729483956275
-27.0093231408202 -8.97194388059212
-26.9747843644253 -9.89101985488964
-26.9402455880304 -8.82007709072797
-26.9057068116355 -10.1037585073408
-26.8711680352406 -9.41927454024968
-26.8366292588456 -10.5703177568927
-26.8020904824507 -11.4729483956275
-26.7675517060558 -9.41927454024968
-26.7330129296609 -9.89101985488964
-26.698474153266 -10.8143078224549
-26.6639353768711 -10.5703177568927
-26.6293966004762 -9.24696644879251
-26.5948578240813 -9.5466102744496
-26.5603190476864 -9.41927454024968
-26.5257802712914 -9.5466102744496
-26.4912414948965 -9.89101985488964
-26.4567027185016 -9.62758342508354
-26.4221639421067 -10.0543594518707
-26.3876251657118 -10.9230707393606
-26.3530863893169 -11.291357993911
-26.318547612922 -8.80614663120414
-26.2840088365271 -10.0543594518707
-26.2494700601322 -9.51801468731181
-26.2149312837373 -9.62758342508354
-26.1803925073423 -9.62758342508354
-26.1458537309474 -8.87310002962972
-26.1113149545525 -9.41927454024968
-26.0767761781576 -11.4729483956275
-26.0422374017627 -11.4729483956275
-26.0076986253678 -9.78687433387275
-25.9731598489729 -12.2363421838711
-25.938621072578 -10.2496890179727
-25.9040822961831 -9.11876444686511
-25.8695435197881 -10.1037585073408
-25.8350047433932 -10.5703177568927
-25.8004659669983 -9.93281664139893
-25.7659271906034 -12.2363421838711
-25.7313884142085 -12.7936085043695
-25.6968496378136 -10.4926674588001
-25.6623108614187 -9.62758342508354
-25.6277720850238 -11.9294760180659
-25.5932333086289 -13.7799284594652
-25.558694532234 -12.2363421838711
-25.524155755839 -10.1037585073408
-25.4896169794441 -10.6406114355323
-25.4550782030492 -11.4729483956275
-25.4205394266543 -10.2496890179727
-25.3860006502594 -11.1606806755032
-25.3514618738645 -12.7936085043695
-25.3169230974696 -11.291357993911
-25.2823843210747 -11.291357993911
-25.2478455446798 -10.3100717063327
-25.2133067682848 -12.7936085043695
-25.1787679918899 -11.6561474026868
-25.144229215495 -11.0246515227867
-25.1096904391001 -12.2363421838711
-25.0751516627052 -12.7936085043695
-25.0406128863103 -10.8143078224549
-25.0060741099154 -10.3051255092964
-24.9715353335205 -11.6561474026868
-24.9369965571256 -13.9534793058504
-24.9024577807306 -11.904743822696
-24.8679190043357 -11.6561474026868
-24.8333802279408 -11.3046748478861
-24.7988414515459 -12.7358869689967
-24.764302675151 -10.5703177568927
-24.7297638987561 -12.2363421838711
-24.6952251223612 -11.291357993911
-24.6606863459663 -13.7799284594652
-24.6261475695714 -12.2363421838711
-24.5916087931765 -12.2363421838711
-24.5570700167815 -12.7358869689967
-24.5225312403866 -11.291357993911
-24.4879924639917 -11.4572102032097
-24.4534536875968 -13.9534793058504
-24.4189149112019 -11.904743822696
-24.384376134807 -11.4572102032097
-24.3498373584121 -10.7236930560381
-24.3152985820172 -11.291357993911
-24.2807598056223 -11.2177225825739
-24.2462210292273 -13.9534793058504
-24.2116822528324 -11.6561474026868
-24.1771434764375 -13.7799284594652
-24.1426047000426 -11.4572102032097
-24.1080659236477 -12.4552404937731
-24.0735271472528 -11.3046748478861
-24.0389883708579 -12.4985263869576
-24.004449594463 -16.3098810421823
-23.9699108180681 -11.3708496627274
-23.9353720416732 -12.2709689519513
-23.9008332652782 -12.4552404937731
-23.8662944888833 -12.2363421838711
-23.8317557124884 -11.4572102032097
-23.7972169360935 -13.1274276625906
-23.7626781596986 -12.7936085043695
-23.7281393833037 -13.2140400387004
-23.6936006069088 -12.056860833457
-23.6590618305139 -12.2363421838711
-23.624523054119 -12.7358869689967
-23.589984277724 -12.9818897794222
-23.5554455013291 -13.7799284594652
-23.5209067249342 -13.2140400387004
-23.4863679485393 -13.4013765501348
-23.4518291721444 -14.3964268720951
-23.4172903957495 -12.4985263869576
-23.3827516193546 -12.6352225244118
-23.3482128429597 -12.7936085043695
-23.3136740665648 -12.912615471834
-23.2791352901699 -14.7461823086591
-23.2445965137749 -12.912615471834
-23.21005773738 -12.4552404937731
-23.1755189609851 -13.4013765501348
-23.1409801845902 -14.3964268720951
-23.1064414081953 -12.056860833457
-23.0719026318004 -12.1425802074479
-23.0373638554055 -14.7461823086591
-23.0028250790106 -12.912615471834
-22.9682863026157 -13.7799284594652
-22.9337475262207 -16.3098810421823
-22.8992087498258 -13.0142645886276
-22.8646699734309 -13.9534793058504
-22.830131197036 -12.5857505672448
-22.7955924206411 -15.6742423649915
-22.7610536442462 -12.4552404937731
-22.7265148678513 -14.9519275862069
-22.6919760914564 -14.9519275862069
-22.6574373150615 -13.4013765501348
-22.6228985386666 -13.5728457553542
-22.5883597622716 -13.1274276625906
-22.5538209858767 -16.3098810421823
-22.5192822094818 -13.7799284594652
-22.4847434330869 -14.9519275862069
-22.450204656692 -14.3964268720951
-22.4156658802971 -13.3540548248913
-22.3811271039022 -13.7799284594652
-22.3465883275073 -13.7799284594652
-22.3120495511124 -14.9519275862069
-22.2775107747174 -16.3098810421823
-22.2429719983225 -14.2032415762646
-22.2084332219276 -13.7799284594652
-22.1738944455327 -14.1006403884304
-22.1393556691378 -14.7461823086591
-22.1048168927429 -15.1062058061421
-22.070278116348 -14.9519275862069
-22.0357393399531 -15.6742423649915
-22.0012005635582 -13.5728457553542
-21.9666617871633 -13.9021437220327
-21.9321230107683 -14.9519275862069
-21.8975842343734 -14.6360905784124
-21.8630454579785 -14.0414027108951
-21.8285066815836 -13.9534793058504
-21.7939679051887 -14.2032415762646
-21.7594291287938 -14.0414027108951
-21.7248903523989 -13.4013765501348
-21.690351576004 -15.4161984134951
-21.6558127996091 -15.4161984134951
-21.6212740232141 -15.1062058061421
-21.5867352468192 -13.9021437220327
-21.5521964704243 -13.9534793058504
-21.5176576940294 -14.5090960065751
-21.4831189176345 -16.1561554870173
-21.4485801412396 -15.7663615756885
-21.4140413648447 -16.1561554870173
-21.3795025884498 -15.1062058061421
-21.3449638120549 -14.1190517330361
-21.31042503566 -14.4820196105171
-21.275886259265 -17.5902200165819
-21.2413474828701 -15.1062058061421
-21.2068087064752 -15.1062058061421
-21.1722699300803 -15.1573581360934
-21.1377311536854 -14.7461823086591
-21.1031923772905 -15.1573581360934
-21.0686536008956 -15.6742423649915
-21.0341148245007 -14.9519275862069
-20.9995760481058 -14.9100786966373
-20.9650372717108 -16.1561554870173
-20.9304984953159 -15.4161984134951
-20.895959718921 -14.7461823086591
-20.8614209425261 -14.7815914396811
-20.8268821661312 -17.5902200165819
-20.7923433897363 -16.7577764148072
-20.7578046133414 -18.7977673669629
-20.7232658369465 -15.2784267637625
-20.6887270605516 -16.3098810421823
-20.6541882841567 -15.1573581360934
-20.6196495077617 -15.0493768972431
-20.5851107313668 -14.8631370886902
-20.5505719549719 -14.8631370886902
-20.516033178577 -15.576030883791
-20.4814944021821 -15.1573581360934
-20.4469556257872 -16.5266172547099
-20.4124168493923 -15.4161984134951
-20.3778780729974 -15.4992814628611
-20.3433392966025 -15.8864455340487
-20.3088005202075 -15.7663615756885
-20.2742617438126 -16.3098810421823
-20.2397229674177 -16.3098810421823
-20.2051841910228 -14.8631370886902
-20.1706454146279 -15.4929247396052
-20.136106638233 -15.4929247396052
-20.1015678618381 -16.7804798965728
-20.0670290854432 -18.6385140955781
-20.0324903090483 -17.6432049243481
-19.9979515326534 -16.1561554870173
-19.9634127562584 -16.7804798965728
-19.9288739798635 -18.7977673669629
-19.8943352034686 -17.0897691599252
-19.8597964270737 -17.1215553452043
-19.8252576506788 -15.576030883791
-19.7907188742839 -15.6742423649915
-19.756180097889 -17.6432049243481
-19.7216413214941 -16.0016404035584
-19.6871025450992 -16.5266172547099
-19.6525637687042 -15.6666748266736
-19.6180249923093 -15.8770973750157
-19.5834862159144 -16.5266172547099
-19.5489474395195 -18.6385140955781
-19.5144086631246 -18.6385140955781
-19.4798698867297 -18.6385140955781
-19.4453311103348 -17.1215553452043
-19.4107923339399 -17.0897691599252
-19.376253557545 -16.3098810421823
-19.3417147811501 -18.0623668398105
-19.3071760047551 -16.3098810421823
-19.2726372283602 -17.3487441627692
-19.2380984519653 -17.1215553452043
-19.2035596755704 -18.7977673669629
-19.1690208991755 -17.5902200165819
-19.1344821227806 -16.9365460069447
-19.0999433463857 -17.3090095491448
-19.0654045699908 -17.0897691599252
-19.0308657935959 -17.5902200165819
-18.9963270172009 -17.3487441627692
-18.961788240806 -17.5902200165819
-18.9272494644111 -18.6385140955781
-18.8927106880162 -18.0623668398105
-18.8581719116213 -16.910058200679
-18.8236331352264 -17.3487441627692
-18.7890943588315 -18.2578916354109
-18.7545555824366 -17.1215553452043
-18.7200168060417 -18.6385140955781
-18.6854780296468 -16.910058200679
-18.6509392532518 -16.9958820974912
-18.6164004768569 -17.7673942760457
-18.581861700462 -17.0897691599252
-18.5473229240671 -17.2287117370085
-18.5127841476722 -19.5811866370111
-18.4782453712773 -18.3639359304441
-18.4437065948824 -17.9828662204876
-18.4091678184875 -19.2606346359808
-18.3746290420926 -18.0623668398105
-18.3400902656976 -19.2606346359808
-18.3055514893027 -18.6385140955781
-18.2710127129078 -19.2606346359808
-18.2364739365129 -17.4397622668231
-18.201935160118 -19.5811866370111
-18.1673963837231 -18.7977673669629
-18.1328576073282 -18.2578916354109
-18.0983188309333 -18.6385140955781
-18.0637800545384 -19.2606346359808
-18.0292412781435 -19.8252779274516
-17.9947025017485 -18.2578916354109
-17.9601637253536 -19.5811866370111
-17.9256249489587 -18.1109537043932
-17.8910861725638 -19.8252779274516
-17.8565473961689 -18.6385140955781
-17.822008619774 -18.2578916354109
-17.7874698433791 -18.6385140955781
-17.7529310669842 -17.5902200165819
-17.7183922905893 -18.5575076462061
-17.6838535141943 -19.8252779274516
-17.6493147377994 -19.8252779274516
-17.6147759614045 -17.8309827124909
-17.5802371850096 -17.9399973253632
-17.5456984086147 -18.430201953198
-17.5111596322198 -18.7977673669629
-17.4766208558249 -18.2018262132526
-17.44208207943 -20.4837520868179
-17.4075433030351 -18.9019557465659
-17.3730045266402 -18.430201953198
-17.3384657502452 -20.3023627972978
-17.3039269738503 -20.4837520868179
-17.2693881974554 -18.2018262132526
-17.2348494210605 -18.181726249887
-17.2003106446656 -19.3209507753976
-17.1657718682707 -18.6385140955781
-17.1312330918758 -19.2606346359808
-17.0966943154809 -18.5289435599988
-17.062155539086 -20.3023627972978
-17.027616762691 -18.2578916354109
-16.9930779862961 -18.9437064825697
-16.9585392099012 -18.7615847039723
-16.9240004335063 -19.8252779274516
-16.8894616571114 -18.6704392033324
-16.8549228807165 -19.1146439665222
-16.8203841043216 -20.4837520868179
-16.7858453279267 -18.5575076462061
-16.7513065515318 -18.5575076462061
-16.7167677751369 -18.9802961049784
-16.6822289987419 -19.4426271482649
-16.647690222347 -19.7420810154926
-16.6131514459521 -19.1582050687715
-16.5786126695572 -21.2474908438518
-16.5440738931623 -19.2606346359808
-16.5095351167674 -21.2474908438518
-16.4749963403725 -18.6981572965964
-16.4404575639776 -20.3023627972978
-16.4059187875827 -19.6515724904121
-16.3713800111877 -20.171513776857
-16.3368412347928 -19.1582050687715
-16.3023024583979 -21.8041111534709
-16.267763682003 -18.7615847039723
-16.2332249056081 -20.6671924686805
-16.1986861292132 -19.6515724904121
-16.1641473528183 -19.6515724904121
-16.1296085764234 -20.4837520868179
-16.0950698000285 -20.3023627972978
-16.0605310236336 -20.6671924686805
-16.0259922472386 -20.4837520868179
-15.9914534708437 -20.9158260660707
-15.9569146944488 -20.4682315060442
-15.9223759180539 -19.7346582439582
-15.887837141659 -20.940216269596
-15.8532983652641 -20.9158260660707
-15.8187595888692 -22.7919438650245
-15.7842208124743 -20.16013212323
-15.7496820360794 -20.4682315060442
-15.7151432596844 -20.6671924686805
-15.6806044832895 -19.833407637057
-15.6460657068946 -19.6515724904121
-15.6115269304997 -20.6671924686805
-15.5769881541048 -21.8041111534709
-15.5424493777099 -21.7471881343343
-15.507910601315 -22.9630833111303
-15.4733718249201 -20.6671924686805
-15.4388330485252 -21.2474908438518
-15.4042942721303 -20.4837520868179
-15.3697554957353 -20.16013212323
-15.3352167193404 -20.7838017564037
-15.3006779429455 -21.4664467443106
-15.2661391665506 -21.0679708285915
-15.2316003901557 -21.8041111534709
-15.1970616137608 -20.7838017564037
-15.1625228373659 -22.7919438650245
-15.127984060971 -21.2474908438518
-15.0934452845761 -20.3960891866767
-15.0589065081811 -21.4664467443106
-15.0243677317862 -22.7919438650245
-14.9898289553913 -22.1389147462101
-14.9552901789964 -20.4682315060442
-14.9207514026015 -21.7471881343343
-14.8862126262066 -20.940216269596
-14.8516738498117 -20.171513776857
-14.8171350734168 -25.3347172839339
-14.7825962970219 -21.7471881343343
-14.748057520627 -20.6671924686805
-14.713518744232 -21.7471881343343
-14.6789799678371 -22.9630833111303
-14.6444411914422 -22.1389147462101
-14.6099024150473 -23.7542051346659
-14.5753636386524 -21.9239916224942
-14.5408248622575 -20.9890077302242
-14.5062860858626 -20.6861622554572
-14.4717473094677 -23.7542051346659
-14.4372085330728 -21.9923073640317
-14.4026697566778 -21.015274311291
-14.3681309802829 -22.1389147462101
-14.333592203888 -21.6457853219257
-14.2990534274931 -22.4130445136102
-14.2645146510982 -21.6457853219257
-14.2299758747033 -22.1389147462101
-14.1954370983084 -22.1389147462101
-14.1608983219135 -22.2243281164379
-14.1263595455186 -21.9923073640317
-14.0918207691237 -21.5969976580696
-14.0572819927287 -21.9239916224942
-14.0227432163338 -21.9923073640317
-13.9882044399389 -23.4093826653113
-13.953665663544 -21.2474908438518
-13.9191268871491 -23.282368924617
-13.8845881107542 -24.677859959055
-13.8500493343593 -21.7471881343343
-13.8155105579644 -21.7471881343343
-13.7809717815695 -22.7919438650245
-13.7464330051745 -25.3347172839339
-13.7118942287796 -22.266615504158
-13.6773554523847 -24.677859959055
-13.6428166759898 -22.7214462034823
-13.6082778995949 -22.266615504158
-13.5737391232 -24.677859959055
-13.5392003468051 -23.9664032404838
-13.5046615704102 -22.025690269612
-13.4701227940153 -22.2243281164379
-13.4355840176204 -23.9664032404838
-13.4010452412254 -22.5846549312085
-13.3665064648305 -22.9630833111303
-13.3319676884356 -22.5846549312085
-13.2974289120407 -23.4093826653113
-13.2628901356458 -22.1016035766513
-13.2283513592509 -22.2007280733055
-13.193812582856 -23.7542051346659
-13.1592738064611 -24.432784849817
-13.1247350300662 -22.0807008903905
-13.0901962536712 -25.3347172839339
-13.0556574772763 -22.2243281164379
-13.0211187008814 -23.4093826653113
-12.9865799244865 -22.9143024814635
-12.9520411480916 -24.1129785772055
-12.9175023716967 -24.432784849817
-12.8829635953018 -22.1610843627511
-12.8484248189069 -22.4130445136102
-12.813886042512 -24.432784849817
-12.779347266117 -23.9664032404838
-12.7448084897221 -22.9143024814635
-12.7102697133272 -23.4093826653113
-12.6757309369323 -26.1018108827046
-12.6411921605374 -23.2158382692219
-12.6066533841425 -23.7542051346659
-12.5721146077476 -22.7919438650245
-12.5375758313527 -24.677859959055
-12.5030370549578 -23.9175876185692
-12.4684982785629 -23.5222956637092
-12.4339595021679 -25.1552823132413
-12.399420725773 -25.3347172839339
-12.3648819493781 -23.3079353282909
-12.3303431729832 -23.6138053919007
-12.2958043965883 -22.7919438650245
-12.2612656201934 -24.3560521889619
-12.2267268437985 -24.1726479677007
-12.1921880674036 -23.282368924617
-12.1576492910087 -23.9664032404838
-12.1231105146137 -22.9630833111303
-12.0885717382188 -26.1018108827046
-12.0540329618239 -23.053747695255
-12.019494185429 -26.652158808099
-11.9849554090341 -25.3347172839339
-11.9504166326392 -24.432784849817
-11.9158778562443 -26.652158808099
-11.8813390798494 -24.7853363430917
-11.8468003034545 -23.4344182845415
-11.8122615270596 -24.7853363430917
-11.7777227506646 -24.2942812530217
-11.7431839742697 -26.1018108827046
-11.7086451978748 -24.5936038281986
-11.6741064214799 -23.9664032404838
-11.639567645085 -25.7905658613143
-11.6050288686901 -26.652158808099
-11.5704900922952 -24.677859959055
-11.5359513159003 -24.0642178904055
-11.5014125395054 -25.1552823132413
-11.4668737631104 -27.6547482180024
-11.4323349867155 -26.652158808099
-11.3977962103206 -27.6547482180024
-11.3632574339257 -25.7905658613143
-11.3287186575308 -24.2942812530217
-11.2941798811359 -25.0227645060163
-11.259641104741 -23.9175876185692
-11.2251023283461 -27.6547482180024
-11.1905635519512 -26.1018108827046
-11.1560247755563 -25.0227645060163
-11.1214859991613 -26.652158808099
-11.0869472227664 -26.1018108827046
-11.0524084463715 -26.1313052081488
-11.0178696699766 -24.5099649737948
-10.9833308935817 -25.0227645060163
-10.9487921171868 -25.3347172839339
-10.9142533407919 -27.8024772386222
-10.879714564397 -25.0227645060163
-10.8451757880021 -24.2316164172354
-10.8106370116071 -25.0227645060163
-10.7760982352122 -26.6029952620788
-10.7415594588173 -26.652158808099
-10.7070206824224 -26.1313052081488
-10.6724819060275 -26.1018108827046
-10.6379431296326 -24.6848819373131
-10.6034043532377 -25.0227645060163
-10.5688655768428 -26.6029952620788
-10.5343268004479 -24.7853363430917
-10.499788024053 -25.0227645060163
-10.465249247658 -27.0703019752772
-10.4307104712631 -25.7694992340156
-10.3961716948682 -27.8024772386222
-10.3616329184733 -26.9965380782439
-10.3270941420784 -27.8024772386222
-10.2925553656835 -26.3213280656551
-10.2580165892886 -27.0703019752772
-10.2234778128937 -25.5368886604501
-10.1889390364988 -26.6029952620788
-10.1544002601038 -26.3581974760091
-10.1198614837089 -25.7905658613143
-10.085322707314 -26.6029952620788
-10.0507839309191 -25.0227645060163
-10.0162451545242 -25.6557047222464
-9.9817063781293 -26.1018108827046
-9.94716760173439 -26.1313052081488
-9.91262882533947 -27.0703019752772
-9.87809004894456 -26.6029952620788
-9.84355127254965 -25.9219142313472
-9.80901249615474 -25.6557047222464
-9.77447371975983 -26.452277222956
-9.73993494336492 -27.2724383267418
-9.70539616697001 -30.3332263717423
-9.6708573905751 -26.2383300853683
-9.63631861418019 -30.3332263717423
-9.60177983778528 -27.6547482180024
-9.56724106139037 -26.0078226495933
-9.53270228499546 -27.6547482180024
-9.49816350860055 -27.6547482180024
-9.46362473220564 -27.8024772386222
-9.42908595581073 -26.4944151533049
-9.39454717941582 -27.2724383267418
-9.36000840302091 -27.6547482180024
-9.325469626626 -27.8024772386222
-9.29093085023109 -30.3332263717423
-9.25639207383617 -27.2724383267418
-9.22185329744126 -26.4944151533049
-9.18731452104635 -27.8024772386222
-9.15277574465144 -27.3708249061695
-9.11823696825653 -28.5785706527176
-9.08369819186162 -26.7414633635111
-9.04915941546671 -27.9197991260112
-9.0146206390718 -26.3581974760091
-8.98008186267689 -26.8395323169549
-8.94554308628198 -28.1170507899358
-8.91100430988707 -27.2093164150995
-8.87646553349216 -26.9965380782439
-8.84192675709725 -27.5635392059423
-8.80738798070234 -29.4616282502243
-8.77284920430743 -26.452277222956
-8.73831042791252 -26.652158808099
-8.70377165151761 -27.2093164150995
-8.6692328751227 -30.3332263717423
-8.63469409872778 -26.2964688309764
-8.60015532233287 -26.9482750356107
-8.56561654593796 -27.5635392059423
-8.53107776954305 -27.8024772386222
-8.49653899314814 -28.1170507899358
-8.46200021675323 -27.9197991260112
-8.42746144035832 -27.5635392059423
-8.39292266396341 -27.6758887111928
-8.3583838875685 -29.4616282502243
-8.32384511117359 -27.3551995882664
-8.28930633477868 -30.6965458583997
-8.25476755838377 -28.1170507899358
-8.22022878198886 -27.9197991260112
-8.18569000559395 -28.9256371846518
-8.15115122919904 -28.3214186444075
-8.11661245280413 -28.5785706527176
-8.08207367640922 -30.3332263717423
-8.04753490001431 -27.5635392059423
-8.01299612361939 -28.5272200862015
-7.97845734722448 -28.3214186444075
-7.94391857082957 -28.281482781979
-7.90937979443466 -27.9197991260112
-7.87484101803975 -30.6965458583997
-7.84030224164484 -27.9474451174671
-7.80576346524993 -27.9474451174671
-7.77122468885502 -27.9474451174671
-7.73668591246011 -29.3416930231146
-7.7021471360652 -30.3332263717423
-7.66760835967029 -30.6965458583997
-7.63306958327538 -28.6772082407896
-7.59853080688047 -28.1170507899358
-7.56399203048556 -29.1581437190823
-7.52945325409065 -28.8537312183713
-7.49491447769574 -28.0286564947689
-7.46037570130083 -29.4616282502243
-7.42583692490592 -30.6965458583997
-7.39129814851101 -30.3332263717423
-7.35675937211609 -29.1581437190823
-7.32222059572118 -29.0682394616612
-7.28768181932627 -30.6965458583997
-7.25314304293136 -28.6772082407896
-7.21860426653645 -29.1581437190823
-7.18406549014154 -28.8537312183713
-7.14952671374663 -28.8537312183713
-7.11498793735172 -28.8537312183713
-7.08044916095681 -30.6965458583997
-7.0459103845619 -28.6772082407896
-7.01137160816699 -28.9552446104418
-6.97683283177208 -29.9798681804295
-6.94229405537717 -29.4616282502243
-6.90775527898226 -29.2984170396328
-6.87321650258735 -29.1581437190823
-6.83867772619244 -30.6965458583997
-6.80413894979753 -29.8994677549915
-6.76960017340262 -31.6369341418529
-6.7350613970077 -28.9256371846518
-6.70052262061279 -30.6965458583997
-6.66598384421788 -28.5078229263188
-6.63144506782297 -29.1581437190823
-6.59690629142806 -28.2662797864593
-6.56236751503315 -28.1170507899358
-6.52782873863824 -28.0718772662365
-6.49328996224333 -28.0286564947689
-6.45875118584842 -28.6547072914987
-6.42421240945351 -27.4868549431086
-6.3896736330586 -27.9091858188396
-6.35513485666369 -28.0286564947689
-6.32059608026878 -27.7692963823609
-6.28605730387387 -27.4625468719573
-6.25151852747896 -27.3491511827305
-6.21697975108405 -27.2473144562714
-6.18244097468914 -27.1201954094222
-6.14790219829423 -26.8992391672571
-6.11336342189932 -26.8140987982172
-6.0788246455044 -26.7710896739608
-6.04428586910949 -26.5174809012728
-6.00974709271458 -26.4239886987071
-5.97520831631967 -26.307756428775
-5.94066953992476 -26.1505192486605
-5.90613076352985 -26.0317599627372
-5.87159198713494 -25.8679274056231
-5.83705321074003 -25.748596833665
-5.80251443434512 -25.6246512233289
-5.76797565795021 -25.4708503892744
-5.7334368815553 -25.3247567764881
-5.69889810516039 -25.1973110735813
-5.66435932876548 -25.0460637033908
-5.62982055237057 -24.916125734105
-5.59528177597566 -24.7803951384015
-5.56074299958075 -24.6439190189199
-5.52620422318584 -24.5068356317273
-5.49166544679093 -24.3695448865555
-5.45712667039601 -24.2292465021837
-5.4225878940011 -24.0879798765927
-5.38804911760619 -23.9512310806184
-5.35351034121128 -23.8158094671175
-5.31897156481637 -23.676201963813
-5.28443278842146 -23.5386546230397
-5.24989401202655 -23.4011791419132
-5.21535523563164 -23.2625360246945
-5.18081645923673 -23.1243515629943
-5.14627768284182 -22.9865712085657
-5.11173890644691 -22.8486308027957
-5.077200130052 -22.71044254839
-5.04266135365709 -22.5718930884309
-5.00812257726218 -22.43366014139
-4.97358380086727 -22.2959399892187
-4.93904502447236 -22.157197999314
-4.90450624807745 -22.0191517553477
-4.86996747168254 -21.8808366372182
-4.83542869528763 -21.7430326328721
-4.80088991889271 -21.6047734729304
-4.7663511424978 -21.4666260399594
-4.73181236610289 -21.3284750989528
-4.69727358970798 -21.1902144577257
-4.66273481331307 -21.0520653074881
-4.62819603691816 -20.9139972088922
-4.59365726052325 -20.7757644250829
-4.55911848412834 -20.6376508650709
-4.52457970773343 -20.4995102576523
-4.49004093133852 -20.3613201081027
-4.45550215494361 -20.2231853708085
-4.4209633785487 -20.0850297847106
-4.38642460215379 -19.9468645241347
-4.35188582575888 -19.8087164791682
-4.31734704936397 -19.6705631787639
-4.28280827296906 -19.5323983018762
-4.24826949657415 -19.3942519519696
-4.21373072017924 -19.2560906304807
-4.17919194378432 -19.1179324438522
-4.14465316738941 -18.9797786531266
-4.1101143909945 -18.8416221607705
-4.07557561459959 -18.7034676671358
-4.04103683820468 -18.5653073460502
-4.00649806180977 -18.4271494918029
-3.97195928541486 -18.288992053714
-3.93742050901995 -18.1508337183975
-3.90288173262504 -18.0126759556139
-3.86834295623013 -17.8745162625647
-3.83380417983522 -17.7363590377368
-3.79926540344031 -17.598199313881
-3.7647266270454 -17.4600398923037
-3.73018785065049 -17.3218802592616
-3.69564907425558 -17.1837201087817
-3.66111029786067 -17.0455600385423
-3.62657152146576 -16.9073992525073
-3.59203274507085 -16.7692381189145
-3.55749396867594 -16.6310764794639
-3.52295519228102 -16.4929143717035
-3.48841641588611 -16.3547518525269
-3.4538776394912 -16.216588800837
-3.41933886309629 -16.0784252688849
-3.38480008670138 -15.940261063082
-3.35026131030647 -15.8020961055486
-3.31572253391156 -15.6639305304725
-3.28118375751665 -15.5257641816357
-3.24664498112174 -15.387597074057
-3.21210620472683 -15.2494291221935
-3.17756742833192 -15.1112602041139
-3.14302865193701 -14.9730903051053
-3.1084898755421 -14.834919351943
-3.07395109914719 -14.6967472455315
-3.03941232275228 -14.5585739385991
-3.00487354635737 -14.4203993399782
-2.97033476996246 -14.2822233338635
-2.93579599356755 -14.1440458367861
-2.90125721717263 -14.0058667355638
-2.86671844077772 -13.8676859228904
-2.83217966438281 -13.7295032581613
-2.7976408879879 -13.591318635471
-2.76310211159299 -13.4531318879354
-2.72856333519808 -13.3149428905464
-2.69402455880317 -13.1767514632712
-2.65948578240826 -13.0385574455028
-2.62494700601335 -12.9003606385275
-2.59040822961844 -12.7621608515218
-2.55586945322353 -12.6239578656744
-2.52133067682862 -12.4857514594075
-2.48679190043371 -12.3475413828214
-2.4522531240388 -12.2093273736176
-2.41771434764389 -12.0711091522054
-2.38317557124898 -11.9328864174881
-2.34863679485407 -11.794658846051
-2.31409801845916 -11.6564260910034
-2.27955924206424 -11.518187783767
-2.24502046566933 -11.3799435258201
-2.21048168927442 -11.2416928920642
-2.17594291287951 -11.1034354262662
-2.1414041364846 -10.9651706398321
-2.10686536008969 -10.8268980099748
-2.07232658369478 -10.6886169743268
-2.03778780729987 -10.5503269330678
-2.00324903090496 -10.4120272417008
-1.96871025451005 -10.2737172099475
-1.93417147811514 -10.1353960987848
-1.89963270172023 -9.99706311545491
-1.86509392532532 -9.85871741112083
-1.83055514893041 -9.72035807617968
-1.7960163725355 -9.5819841358328
-1.76147759614059 -9.44359454560521
-1.72693881974567 -9.3051881864106
-1.69240004335076 -9.16676385911508
-1.65786126695585 -9.02832027895345
-1.62332249056094 -8.88985606910662
-1.58878371416603 -8.75136975449196
-1.55424493777112 -8.61285975450577
-1.51970616137621 -8.47432437552231
-1.4851673849813 -8.33576180286686
-1.45062860858639 -8.19717009220321
-1.41608983219148 -8.05854716010919
-1.38155105579657 -7.91989077430363
-1.34701227940166 -7.78119854293532
-1.31247350300675 -7.64246790318277
-1.27793472661183 -7.50369610907987
-1.24339595021692 -7.36488021840807
-1.20885717382201 -7.22601707869415
-1.1743183974271 -7.08710331218583
-1.13977962103219 -6.94813529978122
-1.10524084463728 -6.80910916380005
-1.07070206824237 -6.67002074951966
-1.03616329184746 -6.53086560541803
-1.00162451545255 -6.39163896198306
-0.967085739057638 -6.25233570904632
-0.932546962662727 -6.11295037146984
-0.898008186267817 -5.97347708313656
-0.863469409872906 -5.83390955907111
-0.828930633477995 -5.6942410655899
-0.794391857083085 -5.55446438832964
-0.759853080688174 -5.41457179801019
-0.725314304293263 -5.2745550137695
-0.690775527898353 -5.13440516390218
-0.656236751503442 -4.99411274381849
-0.621697975108531 -4.85366757103146
-0.587159198713621 -4.71305873696459
-0.55262042231871 -4.57227455535796
-0.518081645923799 -4.43130250704001
-0.483542869528889 -4.29012918080974
-0.449004093133978 -4.14874021016494
-0.414465316739067 -4.00712020558944
-0.379926540344157 -3.86525268209716
-0.345387763949246 -3.72311998170912
-0.310848987554335 -3.58070319052137
-0.276310211159424 -3.43798204999897
-0.241771434764514 -3.2949348621108
-0.207232658369603 -3.15153838789533
-0.172693881974692 -3.00776773902496
-0.138155105579782 -2.86359626191159
-0.103616329184871 -2.71899541387153
-0.0690775527899602 -2.57393463084179
-0.0345387763950495 -2.42838118611531
