-14     -17.25363833026656
-13.5     -17.96341255058406
-13     -18.17984723362283
-12.5     -19.19463704498148
-12     -18.84272367357155
-11.5     -19.88888796820398
-11     -20.15755638032057
-10.5     -21.38928275466637
-10     -20.82789822870627
-9.5     -21.99082816606489
-9     -23.25389134993743
-8.5     -22.76566841421557
-8     -23.29172780205781
-7.5     -23.67900558052303
-7     -24.23507768204597
-6.5     -24.9168611039556
-6     -29.1121815835177
-5.5     -25.38048213222084
-5     -25.82564711017569
-4.5     -26.97211542002143
-4     -28.30125136730138
-3.5     -27.69511556373106
-3     -29.39986365596948
-2.5     -29.1121815835177
-2     -30.49847594463759
-1.5     -31.19162312519754
-1     -30.09301083652943
-0.5     -31.19162312519754
