-14     -22.1444664256706
-13.5     -22.91676128190744
-13     -22.9783864274747
-12.5     -24.5042612763319
-12     -24.65877722805945
-11.5     -25.41897799586556
-11     -25.37544827583216
-10.5     -25.65250649084688
-10     -26.62317365496202
-9.5     -26.99459741486913
-9     -27.59817104525492
-8.5     -27.61507285605752
-8     -28.0726539653047
-7.5     -28.80659436299242
-7     -29.29871120054093
-6.5     -29.25271286472685
-6     -27.60069894763645
-5.5     -25.59912871100685
-5     -23.60048103408388
-4.5     -21.6025051139454
-4     -19.59280123562084
-3.5     -17.60013647420855
-3     -15.6078791654277
-2.5     -13.58389265386811
-2     -11.5709793516951
-1.5     -9.656220857117098
-1     -7.643067882039595
-0.5     -5.824772006834496
