-5  -23.1096867853222
-4.9  -23.1097326642477
-4.8  -23.1097109318627
-4.7  -23.109727834788
-4.6  -23.1097326642477
-4.5  -23.1097495675404
-4.4  -23.1097109318627
-4.3  -23.109727834788
-4.2  -23.1097230053516
-4.1  -23.1097181759386
-4  -23.1097254200669
-3.9  -23.1097085171824
-3.8  -23.1097133465489
-3.7  -23.1096867853222
-3.6  -23.10968919995
-3.5  -23.1096722976778
-3.4  -23.1096433230185
-3.3  -23.1096312504916
-3.2  -23.1096143491988
-3.1  -23.1095226043074
-3  -23.1094187978701
-2.9  -23.1092667288257
-2.8  -23.1089916150378
-2.7  -23.108506730285
-2.6  -23.1076701935943
-2.5  -23.1061387591647
-2.4  -23.1036227685695
-2.3  -23.0986001466839
-2.2  -23.0904616094525
-2.1  -23.0742500672812
-2  -23.0450747717399
-1.9  -22.9949839157584
-1.8  -22.9153039639
-1.7  -22.7712798921865
-1.6  -22.5671631112815
-1.5  -22.2456257710055
-1.4  -21.8768249104752
-1.3  -21.3915474672817
-1.2  -20.9450770931229
-1.1  -20.4241157510434
-1  -19.8237377026106
-0.900000000000001  -19.1350810997277
-0.800000000000001  -18.6196301601359
-0.700000000000001  -18.0512412171789
-0.600000000000001  -17.420095656268
-0.500000000000001  -16.7123325843035
-0.400000000000001  -15.9079769575298
-0.300000000000001  -15.4607993848289
-0.200000000000001  -14.9771891895931
-0.100000000000001  -14.4506830783921
-1.02695629777827e-15  -13.87288402529
0.099999999999999  -13.2326020876611
0.199999999999999  -12.5144464414261
0.299999999999999  -11.6963772950616
0.399999999999999  -10.7451063074959
0.499999999999999  -10.7451063074959
0.599999999999999  -9.6064849475962
0.699999999999999  -8.18198643694694
0.799999999999999  -8.18198643694694
0.899999999999999  -8.18198643694694
0.999999999999999  -6.25338747683997
1.1  -6.25338747683997
1.2  -6.25338747683997
1.3  -3.01415424615815
1.4  -3.01415424615815
1.5  -3.01415424615815
1.6  -3.01415424615815
1.7  0.758977780243735
1.8  0.758977780243735
1.9  0.758977780243735
2  0.758977780243735
2.1  0.758977780243735
2.2  0.758977780243735
2.3  0.758977780243735
2.4  0.609260840502774
2.5  0.609260840502774
2.6  0.609260840502774
2.7  0.609260840502774
2.8  0.609260840502774
2.9  0.609260840502774
3  0.609260840502774
3.1  0.609260840502774
3.2  0.609260840502774
3.3  0.609260840502774
3.4  0.609260840502774
3.5  0.609260840502774
3.6  0.609260840502774
3.7  0.609260840502774
3.8  0.609260840502774
3.9  0.609260840502774
4  0.609260840502774
4.1  0.609260840502774
4.2  0.609260840502774
4.3  0.609260840502774
4.4  0.609260840502774
4.5  0.609260840502774
4.6  0.609260840502774
4.7  0.609260840502774
4.8  0.609260840502774
4.9  0.609260840502774
5  0.609260840502774
