-5  -23.1096819560841
-4.9  -23.1097205906422
-4.8  -23.1097157612408
-4.7  -23.1097326642477
-4.6  -23.1097374937308
-4.5  -23.109759226693
-4.4  -23.1097109318627
-4.3  -23.1097423232371
-4.2  -23.1097471527668
-4.1  -23.1097254200669
-4  -23.1097423232371
-3.9  -23.1097326642477
-3.8  -23.109739908481
-3.7  -23.1097495675404
-3.6  -23.1097350789863
-3.5  -23.1097374937308
-3.4  -23.109744737999
-3.3  -23.1097423232371
-3.2  -23.1097326642477
-3.1  -23.1097230053516
-3  -23.1097423232371
-2.9  -23.109744737999
-2.8  -23.1097181759386
-2.7  -23.1097230053516
-2.6  -23.109739908481
-2.5  -23.109727834788
-2.4  -23.1097374937308
-2.3  -23.1097326642477
-2.2  -23.1097374937308
-2.1  -23.1097374937308
-2  -23.1097374937308
-1.9  -23.1097374937308
-1.8  -23.1097374937308
-1.7  -23.1097326642477
-1.6  -23.109730249515
-1.5  -23.1097326642477
-1.4  -23.109739908481
-1.3  -23.1097326642477
-1.2  -23.1097326642477
-1.1  -23.109727834788
-1  -23.109727834788
-0.900000000000001  -23.1097350789863
-0.800000000000001  -23.1097423232371
-0.700000000000001  -23.1097374937308
-0.600000000000001  -23.109727834788
-0.500000000000001  -23.1097012731766
-0.400000000000001  -23.1095298470192
-0.300000000000001  -23.1092643152178
-0.200000000000001  -23.1085935580332
-0.100000000000001  -23.106875288652
-1.02695629777827e-15  -23.101982496166
0.099999999999999  -23.0869621426232
0.199999999999999  -23.0357585464014
0.299999999999999  -22.8477979434747
0.399999999999999  -22.215947497453
0.499999999999999  -22.215947497453
0.599999999999999  -20.7682507173048
0.699999999999999  -18.5356655569625
0.799999999999999  -18.5356655569625
0.899999999999999  -18.5356655569625
0.999999999999999  -15.4538181738728
1.1  -15.4538181738728
1.2  -15.4538181738728
1.3  -10.5576051947902
1.4  -10.5576051947902
1.5  -10.5576051947902
1.6  -10.5576051947902
1.7  -3.80187212926663
1.8  -3.80187212926663
1.9  -3.80187212926663
2  -3.80187212926663
2.1  -3.80187212926663
2.2  -3.80187212926663
2.3  -3.80187212926663
2.4  0.609260840502774
2.5  0.609260840502774
2.6  0.609260840502774
2.7  0.609260840502774
2.8  0.609260840502774
2.9  0.609260840502774
3  0.609260840502774
3.1  0.609260840502774
3.2  0.609260840502774
3.3  0.609260840502774
3.4  0.609260840502774
3.5  0.609260840502774
3.6  0.609260840502774
3.7  0.609260840502774
3.8  0.609260840502774
3.9  0.609260840502774
4  0.609260840502774
4.1  0.609260840502774
4.2  0.609260840502774
4.3  0.609260840502774
4.4  0.609260840502774
4.5  0.609260840502774
4.6  0.609260840502774
4.7  0.609260840502774
4.8  0.609260840502774
4.9  0.609260840502774
5  0.609260840502774
